0 0.623964 0.327833 0.047927 0.078889
0 0.746187 0.436676 0.067042 0.105352
0 0.768073 0.324278 0.051708 0.071778
0 0.647521 0.446556 0.075042 0.107741
0 0.135632 0.555000 0.129486 0.163444
0 0.312302 0.448926 0.091708 0.150407
0 0.807411 0.394602 0.067260 0.086796
0 0.251630 0.418704 0.077490 0.116815
0 0.175411 0.403296 0.076594 0.108926
1 0.878297 0.661667 0.143260 0.239296
0 0.499187 0.322907 0.057042 0.082444
0 0.384854 0.370509 0.057708 0.097056
0 0.327745 0.304528 0.054156 0.080463
0 0.791302 0.949519 0.168375 0.104667
