0 0.520521 0.350556 0.067708 0.088778
0 0.702745 0.315981 0.043260 0.078889
0 0.076599 0.910806 0.151115 0.182093
0 0.796078 0.353519 0.058823 0.074926
0 0.756630 0.438463 0.079927 0.126296
0 0.141632 0.448333 0.098820 0.153963
0 0.226073 0.545130 0.107708 0.161852
0 0.641078 0.468083 0.075490 0.118389
2 0.379969 0.388093 0.111042 0.274444
0 0.199411 0.345620 0.065490 0.106537
0 0.879411 0.734750 0.163260 0.229019
1 0.961078 0.606361 0.079927 0.193463
0 0.721078 0.793019 0.142156 0.227037
0 0.303854 0.317963 0.045479 0.078889
