0 0.520521 0.350556 0.067708 0.088778
0 0.726635 0.374259 0.057708 0.092704
1 0.049931 0.622167 0.097778 0.280370
0 0.777188 0.319935 0.049937 0.070981
0 0.634969 0.311046 0.047708 0.076907
0 0.207745 0.608333 0.119927 0.189519
0 0.838854 0.427593 0.075479 0.100630
0 0.802187 0.540185 0.106604 0.151963
0 0.186630 0.391056 0.082156 0.138148
0 0.292187 0.412778 0.071042 0.118407
0 0.682740 0.643889 0.107708 0.173704
2 0.405521 0.306111 0.082146 0.209259
0 0.245521 0.307093 0.055479 0.096667
0 0.947188 0.937472 0.107708 0.128759
