0 0.520521 0.350556 0.067708 0.088778
0 0.709635 0.329222 0.047708 0.076111
0 0.110408 0.840037 0.181705 0.291037
0 0.807187 0.371500 0.061042 0.080074
0 0.768854 0.467694 0.086604 0.136574
0 0.155188 0.427593 0.095708 0.143296
0 0.249854 0.497324 0.087708 0.141315
0 0.651521 0.513722 0.086604 0.139333
2 0.391521 0.359843 0.097271 0.259833
0 0.216521 0.331389 0.064146 0.104963
0 0.913078 0.810009 0.175927 0.256278
1 0.972964 0.650407 0.056156 0.212037
0 0.747740 0.889861 0.168375 0.223981
0 0.316297 0.310065 0.052156 0.082056
