0 0.520521 0.350556 0.067708 0.088778
0 0.712740 0.336139 0.050375 0.080463
0 0.127634 0.800537 0.173045 0.281556
0 0.811854 0.379787 0.063708 0.084019
0 0.772740 0.475991 0.090375 0.134981
0 0.159521 0.422852 0.094604 0.140111
0 0.256854 0.482111 0.087042 0.134593
0 0.656297 0.529722 0.088594 0.145259
2 0.394411 0.352926 0.093260 0.255481
0 0.221740 0.328435 0.063042 0.102981
0 0.917188 0.834704 0.167708 0.266926
1 0.978411 0.659296 0.045260 0.204519
0 0.753521 0.909028 0.167042 0.185648
0 0.318630 0.304333 0.051490 0.079296
