0 0.521078 0.339685 0.073260 0.090741
0 0.708078 0.334556 0.060594 0.097074
1 0.790302 0.328630 0.053042 0.101815
0 0.617078 0.304528 0.046594 0.077315
0 0.105741 0.618611 0.121705 0.192667
0 0.180854 0.444972 0.073708 0.123537
0 0.754521 0.447343 0.077937 0.111685
0 0.338521 0.483889 0.094375 0.150000
0 0.127077 0.905074 0.198597 0.193556
0 0.313411 0.356481 0.068594 0.108519
2 0.216854 0.285565 0.130604 0.201352
0 0.411302 0.352333 0.063042 0.100222
0 0.954187 0.662259 0.093708 0.189889
0 0.770969 0.944778 0.155708 0.114148
