0 0.520521 0.350556 0.067708 0.088778
0 0.718073 0.347991 0.050375 0.087574
1 0.027486 0.652583 0.052889 0.236130
0 0.159967 0.721130 0.145711 0.243630
0 0.821521 0.392231 0.068375 0.087574
0 0.780073 0.493769 0.094375 0.139722
0 0.169188 0.412778 0.089938 0.134185
0 0.269854 0.453667 0.085042 0.127481
0 0.663964 0.561130 0.091927 0.151185
2 0.397411 0.332778 0.087260 0.236519
0 0.232406 0.317769 0.060375 0.098241
0 0.923854 0.877028 0.154375 0.249648
1 0.988745 0.684185 0.024594 0.180815
0 0.766521 0.949917 0.159708 0.103870
