0 0.624964 0.333759 0.049927 0.078889
0 0.750521 0.444380 0.067708 0.106537
0 0.772740 0.330796 0.054375 0.072963
0 0.648854 0.457222 0.077708 0.112481
0 0.149965 0.537222 0.122153 0.153963
0 0.318302 0.436481 0.087708 0.142111
0 0.814411 0.402898 0.066594 0.086796
0 0.256630 0.409815 0.075490 0.108519
0 0.182745 0.397963 0.076594 0.100630
1 0.888297 0.685370 0.149927 0.248778
0 0.497188 0.319944 0.054375 0.078889
0 0.387188 0.363398 0.054375 0.094685
0 0.331078 0.299194 0.055490 0.076907
0 0.801635 0.963148 0.167708 0.077407
