0 0.521078 0.339685 0.073260 0.090741
0 0.710745 0.339889 0.065927 0.098259
1 0.794635 0.333963 0.052375 0.105370
0 0.618411 0.308676 0.046594 0.078500
0 0.114741 0.596093 0.117039 0.190296
0 0.183521 0.437861 0.075042 0.121167
0 0.758188 0.456231 0.078604 0.115241
0 0.344188 0.469074 0.091042 0.144074
0 0.150077 0.879000 0.197930 0.245704
0 0.317078 0.350556 0.067927 0.108519
2 0.220854 0.283194 0.129271 0.201352
0 0.413635 0.342852 0.062375 0.093111
0 0.961854 0.684778 0.078375 0.197000
0 0.778969 0.966704 0.153042 0.070296
