0 0.623297 0.321917 0.046594 0.078093
0 0.742521 0.428185 0.065937 0.104185
0 0.763740 0.317963 0.049708 0.070185
0 0.645969 0.436083 0.072375 0.104167
0 0.121186 0.573963 0.136149 0.174481
0 0.306188 0.460778 0.095042 0.155926
0 0.801188 0.385713 0.066812 0.085611
0 0.246630 0.426806 0.079927 0.121944
0 0.169521 0.409815 0.078146 0.114037
1 0.868854 0.639343 0.137271 0.230204
0 0.500854 0.325074 0.058604 0.084407
0 0.382740 0.378009 0.059708 0.098648
0 0.324635 0.309472 0.055042 0.084019
0 0.783521 0.935491 0.168375 0.132722
