0 0.623297 0.315991 0.046594 0.075722
0 0.740187 0.418111 0.063938 0.103000
0 0.760073 0.312037 0.049042 0.067815
0 0.643969 0.426009 0.069708 0.102981
0 0.106519 0.595296 0.141482 0.188704
0 0.299854 0.471444 0.097042 0.155926
0 0.796521 0.375639 0.064146 0.082056
0 0.241630 0.433324 0.083260 0.120759
0 0.166521 0.418704 0.082812 0.112852
1 0.860521 0.619787 0.132604 0.221907
0 0.501854 0.325667 0.057937 0.083222
0 0.381073 0.386306 0.059042 0.098648
0 0.321969 0.313620 0.060375 0.087574
0 0.780854 0.920676 0.167042 0.162352
