0 0.520521 0.350556 0.067708 0.088778
0 0.729302 0.379593 0.057708 0.089148
1 0.053932 0.609722 0.105781 0.279185
0 0.780187 0.326454 0.051937 0.074537
0 0.634302 0.314602 0.046375 0.079278
0 0.216411 0.589963 0.114594 0.181222
0 0.845854 0.435296 0.078812 0.099444
0 0.807521 0.550852 0.107938 0.156704
0 0.190964 0.384537 0.080156 0.127481
0 0.294854 0.404481 0.068375 0.111296
0 0.687740 0.667000 0.112375 0.182000
2 0.405854 0.302556 0.078812 0.206889
0 0.247854 0.301167 0.056146 0.096667
0 0.954187 0.955250 0.093708 0.093204
