0 0.520521 0.350556 0.067708 0.088778
0 0.706969 0.321519 0.047708 0.079667
0 0.093151 0.864778 0.184219 0.274148
0 0.803854 0.363204 0.061042 0.077704
0 0.763854 0.454657 0.083271 0.131833
0 0.150854 0.433519 0.089708 0.140926
0 0.242854 0.510954 0.091042 0.144870
0 0.647854 0.496537 0.083271 0.131037
2 0.386188 0.363991 0.102604 0.263389
0 0.209521 0.333167 0.063479 0.106148
0 0.900745 0.780972 0.173927 0.243241
1 0.968630 0.634407 0.064823 0.208481
0 0.737740 0.871491 0.160375 0.260722
0 0.311964 0.313028 0.048823 0.085611
