0 0.623854 0.307093 0.045479 0.072963
0 0.735521 0.405870 0.062146 0.096667
0 0.638297 0.406852 0.069927 0.098630
0 0.074375 0.636981 0.146667 0.203333
0 0.283854 0.494750 0.103271 0.171722
0 0.784964 0.361417 0.058823 0.082833
0 0.227187 0.451296 0.087708 0.124333
0 0.153854 0.434509 0.089938 0.130241
1 0.843302 0.588583 0.124375 0.217167
0 0.503302 0.328833 0.057708 0.084815
0 0.378297 0.406852 0.063260 0.102593
0 0.314964 0.321917 0.056594 0.082833
0 0.774411 0.893028 0.168823 0.217648
0 0.412745 0.295250 0.052156 0.069019
