0 0.520521 0.350556 0.067708 0.088778
0 0.704745 0.317759 0.045927 0.080074
0 0.084932 0.886509 0.167781 0.230685
0 0.800078 0.357667 0.060156 0.076111
0 0.759964 0.445574 0.081260 0.128667
0 0.146298 0.440630 0.092153 0.145667
0 0.234740 0.527352 0.098375 0.152370
0 0.644411 0.481713 0.079490 0.124315
2 0.382635 0.374463 0.107042 0.268519
0 0.204078 0.338509 0.064156 0.106537
0 0.890745 0.756676 0.171260 0.234944
1 0.964745 0.619991 0.072594 0.201759
0 0.729078 0.831537 0.151490 0.244815
0 0.307854 0.315593 0.046812 0.083630
