0 0.520521 0.350556 0.067708 0.088778
0 0.716073 0.342657 0.054375 0.088759
1 0.022153 0.665620 0.042222 0.229019
0 0.146634 0.755500 0.157711 0.262593
0 0.817187 0.388083 0.067708 0.088759
0 0.776073 0.481917 0.094375 0.130241
0 0.163854 0.418704 0.089938 0.134185
0 0.263854 0.466111 0.087708 0.126296
0 0.661630 0.545130 0.089927 0.150000
2 0.396078 0.344630 0.089927 0.250741
0 0.226073 0.324880 0.061042 0.100611
0 0.920521 0.860435 0.161042 0.282833
1 0.984411 0.664630 0.033260 0.191481
0 0.757188 0.928583 0.161042 0.146537
0 0.319964 0.297222 0.048823 0.076926
