0 0.438406 0.794602 0.096375 0.226241
0 0.501745 0.206157 0.030594 0.047278
1 0.281297 0.827204 0.121260 0.247185
0 0.465635 0.213278 0.031708 0.052815
1 0.432078 0.207145 0.032594 0.061894
0 0.419411 0.239546 0.041927 0.057944
0 0.013931 0.758852 0.025778 0.119185
0 0.125522 0.525574 0.098601 0.129852
0 0.612302 0.176725 0.027708 0.044513
0 0.116632 0.454852 0.088820 0.098259
0 0.587964 0.211296 0.030594 0.048852
0 0.627188 0.282602 0.040604 0.067426
0 0.682630 0.232426 0.037260 0.051630
0 0.937187 0.455444 0.102375 0.101000
0 0.389630 0.205169 0.025927 0.046883
0 0.339187 0.191741 0.027271 0.039778
