0 0.438745 0.791444 0.094823 0.215963
0 0.502073 0.205565 0.033042 0.055574
1 0.284635 0.826213 0.113708 0.237315
0 0.046708 0.892630 0.091333 0.218444
0 0.174073 0.612287 0.111708 0.172907
0 0.268411 0.448731 0.079927 0.108907
1 0.176521 0.420278 0.089042 0.157111
0 0.056151 0.487639 0.110219 0.130648
0 0.590411 0.216435 0.031927 0.051241
0 0.633635 0.185423 0.034375 0.044524
0 0.649854 0.260676 0.040146 0.059130
0 0.327188 0.327444 0.054375 0.073370
0 0.467521 0.209910 0.034604 0.058735
0 0.309411 0.273130 0.045490 0.065852
2 0.809411 0.282019 0.161927 0.187926
0 0.713187 0.383546 0.062812 0.079685
2 0.303854 0.196281 0.083271 0.114439
1 0.430297 0.201028 0.033927 0.063093
0 0.661188 0.447148 0.062812 0.094704
0 0.359521 0.213269 0.033271 0.055981
0 0.896188 0.755296 0.151479 0.221111
