0 0.440302 0.795787 0.089042 0.213611
0 0.501078 0.206361 0.031927 0.050056
1 0.284854 0.827787 0.109271 0.230204
0 0.242406 0.509769 0.077708 0.126685
0 0.152964 0.478750 0.094823 0.132611
0 0.584740 0.196086 0.031708 0.050050
2 0.676297 0.168234 0.066823 0.089161
0 0.318521 0.370111 0.056146 0.084407
0 0.188078 0.359639 0.069490 0.080870
0 0.653745 0.245463 0.036823 0.058741
0 0.599073 0.251787 0.035042 0.057167
0 0.255740 0.364380 0.056375 0.091130
0 0.361187 0.285769 0.040604 0.062685
1 0.317073 0.247046 0.044375 0.092722
0 0.259740 0.264824 0.043042 0.064278
0 0.639635 0.409815 0.054375 0.090333
0 0.751078 0.298407 0.058594 0.064259
0 0.787073 0.522602 0.089708 0.111278
0 0.391740 0.220778 0.031042 0.052815
0 0.457411 0.205173 0.026823 0.048469
0 0.365630 0.198855 0.029927 0.048476
2 0.974964 0.468093 0.052156 0.202148
