0 0.438073 0.795204 0.094375 0.218741
0 0.500188 0.209519 0.029271 0.046889
1 0.285964 0.825028 0.110156 0.235722
0 0.211635 0.568231 0.085042 0.140907
0 0.075522 0.579694 0.107934 0.176463
0 0.293187 0.410407 0.062812 0.097074
0 0.143743 0.411398 0.081264 0.098241
0 0.639964 0.221759 0.037260 0.054000
0 0.591411 0.224926 0.031260 0.053222
0 0.215969 0.415148 0.068375 0.106556
0 0.346411 0.313417 0.044823 0.069019
1 0.300854 0.267398 0.048813 0.101796
0 0.238521 0.289324 0.051708 0.069796
0 0.624188 0.352139 0.048375 0.078500
0 0.716521 0.268778 0.049042 0.057963
0 0.743078 0.439250 0.075490 0.091537
0 0.385630 0.231843 0.033490 0.051241
0 0.460411 0.207148 0.029260 0.044519
0 0.357187 0.207148 0.029937 0.042148
2 0.941411 0.425815 0.119260 0.233741
0 0.931188 0.861176 0.139708 0.243241
2 0.346630 0.162306 0.055927 0.085204
