0 0.438854 0.796972 0.093271 0.219130
0 0.501078 0.209324 0.033260 0.047278
1 0.279964 0.832537 0.113260 0.238889
0 0.039931 0.869074 0.077778 0.225074
0 0.171073 0.611296 0.111042 0.159889
1 0.022708 0.668574 0.043333 0.179630
0 0.607187 0.194509 0.029937 0.045315
0 0.277188 0.419685 0.069937 0.096667
0 0.466630 0.214259 0.033260 0.057148
0 0.221635 0.386111 0.067708 0.092704
2 0.707187 0.196481 0.094375 0.120370
0 0.647187 0.259694 0.038812 0.053204
2 0.247188 0.251787 0.116604 0.148019
1 0.433854 0.208333 0.029937 0.061111
0 0.604964 0.275500 0.038823 0.061111
0 0.334411 0.281417 0.042156 0.069019
0 0.716078 0.389074 0.063260 0.082852
0 0.854411 0.581667 0.099927 0.140111
0 0.703297 0.636972 0.099927 0.151981
2 0.924411 0.386111 0.153260 0.313963
0 0.364964 0.199442 0.029927 0.051228
