0 0.437964 0.795991 0.088823 0.222685
0 0.500078 0.209324 0.031260 0.053611
1 0.284297 0.826407 0.113490 0.229000
0 0.103964 0.638556 0.121260 0.162259
0 0.584521 0.181868 0.025479 0.039783
0 0.627854 0.180484 0.027708 0.037809
0 0.286187 0.425611 0.061271 0.087185
0 0.087078 0.489611 0.096823 0.113259
0 0.231745 0.382167 0.067490 0.096667
0 0.595078 0.227694 0.034156 0.061907
2 0.699964 0.193324 0.076823 0.106944
0 0.347854 0.317963 0.045937 0.071000
0 0.238188 0.300574 0.055042 0.059926
0 0.679521 0.297019 0.047479 0.071778
0 0.614187 0.307694 0.044375 0.067833
0 0.297297 0.302556 0.044823 0.071778
0 0.380073 0.255741 0.034375 0.058741
1 0.336521 0.215046 0.036146 0.091130
0 0.287521 0.235981 0.036813 0.051630
0 0.677187 0.548870 0.077479 0.129852
0 0.820188 0.365963 0.074604 0.084815
0 0.891630 0.725870 0.137927 0.177259
0 0.400745 0.201423 0.027260 0.048080
0 0.456969 0.194306 0.026375 0.044907
