0 0.437188 0.795991 0.089938 0.217167
0 0.501078 0.205368 0.033260 0.051228
1 0.286630 0.824630 0.119927 0.234926
0 0.034375 0.909815 0.066667 0.184074
0 0.156077 0.637963 0.123264 0.177667
0 0.260521 0.460185 0.076604 0.106556
1 0.159411 0.443389 0.098823 0.179630
0 0.041597 0.528333 0.081111 0.151963
0 0.587740 0.206358 0.031042 0.053209
0 0.627188 0.177716 0.029937 0.039383
0 0.643854 0.251787 0.041042 0.057167
0 0.322188 0.337713 0.055479 0.074944
0 0.466635 0.213269 0.031042 0.059130
0 0.302745 0.283398 0.045490 0.065056
2 0.792745 0.263642 0.152156 0.175680
0 0.703302 0.363389 0.057708 0.078889
2 0.298854 0.203392 0.082146 0.114439
1 0.430521 0.202407 0.029937 0.061111
0 0.649411 0.415741 0.058823 0.084815
0 0.357187 0.220185 0.034375 0.053222
0 0.859411 0.683389 0.138823 0.185556
