0 0.439854 0.791639 0.098375 0.229019
0 0.501635 0.206358 0.031708 0.048469
1 0.285521 0.827398 0.118604 0.242833
0 0.466854 0.213667 0.032813 0.054407
1 0.434630 0.208531 0.032823 0.065457
2 0.019042 0.521222 0.036000 0.204111
0 0.403630 0.226500 0.030823 0.051630
0 0.193188 0.413963 0.075271 0.097074
2 0.601630 0.192534 0.042823 0.089561
0 0.691630 0.217417 0.041490 0.054796
0 0.306411 0.301167 0.048823 0.072963
0 0.674521 0.267796 0.041937 0.064667
0 0.639411 0.318954 0.040594 0.069796
0 0.360969 0.230454 0.034375 0.052426
0 0.292740 0.265417 0.045042 0.059130
0 0.792188 0.494167 0.083042 0.121556
0 0.346969 0.209324 0.031708 0.044130
0 0.792745 0.836287 0.147260 0.247981
