0 0.438297 0.796981 0.096594 0.227037
0 0.503297 0.207349 0.033260 0.055191
1 0.284964 0.824630 0.118823 0.227037
0 0.068818 0.804880 0.135552 0.266537
0 0.213297 0.541176 0.093260 0.134204
1 0.057708 0.602407 0.113333 0.244815
0 0.578297 0.178706 0.025490 0.041365
0 0.618302 0.212278 0.034375 0.049259
0 0.289969 0.395000 0.064375 0.090741
0 0.467745 0.213278 0.033260 0.055185
0 0.257740 0.337713 0.064375 0.074944
2 0.729964 0.218206 0.106594 0.132217
0 0.661630 0.288333 0.045490 0.063074
2 0.268297 0.233021 0.105490 0.138143
1 0.432188 0.206358 0.031042 0.065061
0 0.618854 0.310065 0.042146 0.070981
0 0.341635 0.259685 0.041042 0.072963
0 0.749964 0.461167 0.082156 0.108519
0 0.929411 0.754509 0.143260 0.217167
0 0.767188 0.854259 0.143271 0.250741
2 0.961078 0.412778 0.079927 0.268519
0 0.373297 0.185614 0.033260 0.055180
