0 0.438297 0.793028 0.090823 0.216759
0 0.502188 0.205568 0.032813 0.050050
1 0.281297 0.825019 0.111927 0.234148
0 0.466406 0.213269 0.033708 0.054389
1 0.431302 0.203590 0.036375 0.059524
0 0.417745 0.236778 0.039927 0.057148
0 0.016931 0.694259 0.031778 0.114037
0 0.171521 0.494556 0.091479 0.135000
0 0.585302 0.187398 0.025708 0.040574
0 0.269635 0.346019 0.058375 0.074148
0 0.114856 0.455444 0.085268 0.104963
0 0.657740 0.244880 0.040375 0.059130
0 0.258635 0.302361 0.051042 0.061907
0 0.632411 0.317574 0.045260 0.071778
0 0.681297 0.461963 0.068823 0.108519
0 0.776406 0.405463 0.063042 0.089556
