0 0.439964 0.797565 0.099490 0.220315
0 0.501630 0.210312 0.033927 0.051635
1 0.285521 0.828583 0.122604 0.240463
0 0.021042 0.857222 0.040000 0.155519
0 0.466745 0.214657 0.032156 0.055574
2 0.038597 0.509370 0.075111 0.231778
1 0.434630 0.210308 0.034156 0.071383
0 0.154856 0.567444 0.111934 0.170148
0 0.644854 0.203787 0.031042 0.044907
0 0.570745 0.193521 0.025490 0.044920
2 0.669630 0.155392 0.058823 0.101402
0 0.204078 0.407056 0.075260 0.103778
0 0.300073 0.304537 0.047708 0.071778
0 0.598964 0.255343 0.035260 0.052426
0 0.669745 0.288926 0.046156 0.063481
2 0.251411 0.251593 0.113927 0.154741
0 0.634078 0.395398 0.055260 0.089167
0 0.767745 0.449519 0.085260 0.122333
0 0.401521 0.208528 0.028375 0.052019
0 0.362406 0.198852 0.032375 0.046889
2 0.867078 0.839102 0.267927 0.325500
