0 0.437740 0.791046 0.089708 0.226241
0 0.501188 0.207544 0.031271 0.050839
1 0.281969 0.827000 0.113708 0.235741
0 0.465005 0.213769 0.032760 0.051093
1 0.433188 0.206947 0.031271 0.057550
0 0.418521 0.238361 0.041042 0.057167
0 0.129301 0.554602 0.107045 0.161056
0 0.243411 0.377426 0.065490 0.080074
0 0.063298 0.520833 0.099486 0.129852
0 0.644745 0.225519 0.036156 0.052815
0 0.234521 0.330204 0.060146 0.069407
0 0.619745 0.282009 0.042156 0.065463
0 0.662964 0.404083 0.060594 0.094685
0 0.745302 0.348574 0.056375 0.077704
