0 0.437188 0.795000 0.090375 0.214407
0 0.502630 0.206756 0.031927 0.054006
1 0.284406 0.824630 0.111042 0.231778
0 0.466630 0.211694 0.033260 0.055981
1 0.433297 0.204386 0.033260 0.056376
0 0.416854 0.235991 0.039938 0.057167
0 0.029375 0.673315 0.056667 0.155926
0 0.188406 0.469269 0.087042 0.122352
0 0.633188 0.182852 0.028146 0.043333
0 0.587521 0.191741 0.028375 0.044519
0 0.281187 0.331796 0.055708 0.074148
0 0.137521 0.430954 0.076375 0.093907
0 0.665745 0.253574 0.041260 0.062296
0 0.269740 0.292481 0.048375 0.064259
0 0.637964 0.338111 0.050156 0.081259
0 0.692635 0.499491 0.071042 0.114056
0 0.794630 0.441815 0.075490 0.097444
