0 0.438521 0.791639 0.092146 0.225056
0 0.501745 0.207744 0.030156 0.047291
1 0.283635 0.827398 0.122375 0.249167
0 0.467969 0.212685 0.032375 0.054000
1 0.434297 0.206756 0.029927 0.061117
0 0.415854 0.234407 0.037042 0.055593
0 0.051042 0.631639 0.100000 0.174500
0 0.218411 0.426806 0.075927 0.110093
0 0.638969 0.196086 0.031708 0.050050
0 0.594521 0.208130 0.029937 0.045704
0 0.300297 0.307889 0.049927 0.075333
0 0.178521 0.384333 0.066812 0.089148
0 0.681411 0.281222 0.044594 0.076519
0 0.287187 0.272537 0.045042 0.062296
0 0.654964 0.387102 0.053927 0.098648
0 0.720969 0.594704 0.095708 0.147222
0 0.844854 0.542750 0.094146 0.127870
