0 0.440078 0.794602 0.096594 0.223870
0 0.501411 0.203984 0.032594 0.049254
1 0.285297 0.825417 0.115927 0.232574
0 0.059151 0.876824 0.116219 0.250056
0 0.190078 0.587389 0.107260 0.159481
0 0.276630 0.438454 0.074156 0.099426
1 0.193630 0.398157 0.083260 0.149204
0 0.087188 0.458407 0.091708 0.122741
0 0.591297 0.225519 0.031927 0.053593
0 0.639411 0.190556 0.032594 0.042148
0 0.655630 0.272139 0.042823 0.061500
0 0.334073 0.318352 0.053042 0.074148
0 0.467521 0.212287 0.034604 0.057167
0 0.316073 0.266009 0.046375 0.062685
2 0.826521 0.297417 0.173937 0.207685
0 0.724521 0.409620 0.068604 0.084426
2 0.308745 0.192333 0.077927 0.104963
1 0.429411 0.199442 0.032156 0.063080
0 0.672297 0.483102 0.065490 0.106537
0 0.361297 0.211294 0.035927 0.058339
0 0.926297 0.834315 0.149490 0.249556
