0 0.438187 0.794602 0.091479 0.215981
0 0.503630 0.209127 0.029927 0.051635
1 0.286297 0.826407 0.117927 0.235333
0 0.466964 0.215444 0.030823 0.049259
1 0.433854 0.209127 0.032604 0.061117
0 0.105521 0.564481 0.111042 0.140519
2 0.081708 0.463935 0.161333 0.321056
0 0.578745 0.191349 0.024594 0.044524
0 0.641406 0.200429 0.033042 0.053994
0 0.403187 0.227093 0.029042 0.055185
0 0.271073 0.310454 0.057708 0.074944
2 0.631630 0.268583 0.060594 0.134981
0 0.761521 0.286556 0.060375 0.074556
0 0.345854 0.244880 0.039708 0.056759
0 0.734188 0.393222 0.066604 0.087185
0 0.709078 0.548676 0.078594 0.127870
0 0.391297 0.194308 0.027927 0.051235
0 0.344969 0.216630 0.033042 0.047667
