0 0.438078 0.797963 0.089490 0.217963
0 0.502188 0.211500 0.032375 0.049259
1 0.283854 0.828389 0.117479 0.235333
0 0.467854 0.216037 0.030812 0.053593
1 0.434521 0.212877 0.030812 0.066246
0 0.135408 0.519056 0.099705 0.126296
2 0.089818 0.454454 0.177552 0.343981
0 0.582854 0.203197 0.027479 0.045309
0 0.648302 0.215843 0.035708 0.055574
0 0.403297 0.227296 0.030594 0.055593
0 0.286297 0.296630 0.051260 0.067815
2 0.640078 0.294065 0.066823 0.150389
0 0.783411 0.309074 0.068156 0.078481
0 0.352297 0.234407 0.036156 0.053222
0 0.753964 0.434500 0.074594 0.100222
0 0.736635 0.635787 0.093708 0.150389
0 0.395740 0.187201 0.025708 0.040969
0 0.353969 0.204979 0.029708 0.040969
