0 0.437854 0.796972 0.092604 0.223870
0 0.502411 0.209321 0.033260 0.052024
1 0.282630 0.824241 0.114594 0.229407
0 0.042597 0.861963 0.083111 0.255889
0 0.180406 0.595889 0.108375 0.152778
1 0.028375 0.651389 0.054667 0.187926
0 0.609521 0.199843 0.029271 0.041759
0 0.278854 0.416722 0.067937 0.097852
0 0.466630 0.215444 0.031927 0.057148
0 0.230302 0.378407 0.069042 0.091519
2 0.710854 0.201815 0.096375 0.121556
0 0.649854 0.266213 0.040146 0.054389
2 0.250521 0.247639 0.112604 0.146833
1 0.432854 0.208926 0.030604 0.059926
0 0.608630 0.283204 0.040823 0.064667
0 0.334745 0.277861 0.040156 0.073759
0 0.722078 0.402111 0.067260 0.087593
0 0.866745 0.610704 0.108594 0.148407
0 0.716297 0.674898 0.101927 0.170944
2 0.932745 0.390852 0.136594 0.299741
0 0.367297 0.198849 0.030594 0.050043
