2 0.107151 0.504630 0.212219 0.452222
0 0.586635 0.195494 0.024375 0.051235
0 0.440521 0.793028 0.096604 0.223093
0 0.501630 0.207345 0.036594 0.051235
0 0.653854 0.230065 0.041042 0.053204
1 0.710521 0.208331 0.038812 0.057154
0 0.224969 0.563889 0.094375 0.151963
0 0.335521 0.324880 0.053271 0.080870
1 0.284411 0.823639 0.115490 0.229019
0 0.669969 0.315991 0.044375 0.074944
0 0.251078 0.321917 0.046594 0.074944
0 0.335521 0.245870 0.044375 0.072963
1 0.288302 0.237963 0.041042 0.065074
0 0.770521 0.467102 0.074375 0.104574
0 0.811078 0.331787 0.059927 0.059130
0 0.368302 0.209324 0.027708 0.051241
0 0.778854 0.840435 0.126604 0.234944
0 0.939964 0.851296 0.122156 0.240852
0 0.406078 0.191540 0.025490 0.043328
0 0.346630 0.177713 0.028823 0.047278
