0 0.434188 0.794204 0.082604 0.222296
0 0.499854 0.207546 0.029937 0.041352
1 0.283740 0.825028 0.108375 0.233352
0 0.108077 0.679250 0.133930 0.190685
0 0.464854 0.214259 0.026604 0.051630
2 0.089599 0.457417 0.177115 0.335685
1 0.432411 0.210108 0.030594 0.060709
0 0.238745 0.447537 0.080156 0.121556
0 0.623521 0.209120 0.031479 0.043722
0 0.670964 0.247250 0.040156 0.052019
0 0.585297 0.243296 0.034594 0.061519
2 0.712406 0.193519 0.081708 0.142889
0 0.281187 0.313426 0.054375 0.077704
0 0.341969 0.252972 0.036375 0.057167
0 0.633521 0.357667 0.052813 0.079296
0 0.741740 0.417713 0.071042 0.090352
2 0.304854 0.197864 0.083042 0.117606
0 0.716969 0.696037 0.094375 0.186333
0 0.930964 0.830157 0.140156 0.287093
