2 0.107818 0.494556 0.213552 0.443926
0 0.588635 0.197271 0.024375 0.050050
0 0.439188 0.793620 0.093938 0.226648
0 0.502297 0.208531 0.035260 0.053606
0 0.656854 0.235398 0.041708 0.052019
1 0.713187 0.212479 0.041479 0.058339
0 0.236302 0.534259 0.089042 0.140111
0 0.339521 0.318361 0.053271 0.086796
1 0.282078 0.828380 0.120156 0.240870
0 0.673302 0.323102 0.044375 0.072574
0 0.256078 0.315991 0.044594 0.074944
0 0.336854 0.241722 0.043042 0.071778
1 0.291302 0.236185 0.040375 0.071000
0 0.779854 0.483694 0.078375 0.111685
0 0.819411 0.340083 0.059260 0.063870
0 0.370302 0.205176 0.027708 0.045315
0 0.792521 0.869472 0.139271 0.229019
0 0.944964 0.876185 0.112156 0.224259
0 0.407411 0.188577 0.025490 0.042143
