0 0.438854 0.797574 0.093271 0.228222
0 0.501297 0.209120 0.032823 0.053204
1 0.282854 0.828778 0.119938 0.241667
0 0.195297 0.465324 0.090594 0.153167
1 0.067189 0.510361 0.103268 0.168167
0 0.649521 0.222157 0.031042 0.052426
0 0.682411 0.191942 0.025260 0.040969
0 0.293187 0.338306 0.051708 0.078500
0 0.618854 0.281620 0.040375 0.063870
0 0.686297 0.282213 0.042823 0.061907
0 0.362745 0.278259 0.036594 0.059519
0 0.260188 0.276287 0.044375 0.060315
0 0.328521 0.249028 0.033479 0.061907
0 0.651411 0.381565 0.056156 0.093907
2 0.819964 0.300778 0.156823 0.192259
0 0.393740 0.227889 0.031042 0.051222
0 0.315302 0.209907 0.032375 0.049259
0 0.832411 0.603000 0.104823 0.143296
0 0.707630 0.633222 0.095260 0.161852
0 0.354969 0.218611 0.033042 0.051630
