0 0.436188 0.796185 0.092375 0.222296
0 0.501188 0.204380 0.031708 0.046093
1 0.285078 0.827204 0.110594 0.228222
0 0.043819 0.789861 0.085555 0.207278
0 0.261521 0.477176 0.067479 0.110500
0 0.032931 0.589176 0.063778 0.138537
0 0.187406 0.441028 0.086375 0.128278
0 0.587411 0.205766 0.030823 0.052024
2 0.684969 0.176528 0.067708 0.097056
0 0.329297 0.348583 0.050156 0.081648
0 0.209521 0.334556 0.059479 0.068630
0 0.662854 0.263250 0.042604 0.061907
0 0.605630 0.268778 0.038823 0.063481
0 0.273740 0.334759 0.048375 0.077704
0 0.369521 0.273120 0.036813 0.060315
1 0.325188 0.237176 0.039708 0.086389
0 0.270745 0.253574 0.040594 0.059926
0 0.651521 0.454454 0.060813 0.100611
0 0.774302 0.320722 0.059708 0.064667
0 0.819187 0.586806 0.104146 0.124315
0 0.396078 0.213472 0.029490 0.048463
0 0.458521 0.201219 0.025479 0.045302
0 0.370406 0.189762 0.028375 0.046883
