2 0.062708 0.537222 0.123333 0.335667
0 0.438854 0.798944 0.095479 0.238889
0 0.502740 0.209324 0.034375 0.051241
0 0.631073 0.194509 0.031042 0.045315
1 0.682740 0.181667 0.034375 0.055185
0 0.042153 0.931546 0.082222 0.140611
0 0.259964 0.458213 0.075490 0.134204
1 0.280521 0.830556 0.109938 0.238889
0 0.651635 0.255741 0.034375 0.057148
0 0.193854 0.407833 0.058813 0.096667
0 0.309964 0.283398 0.053260 0.088759
1 0.246635 0.287343 0.051042 0.088759
0 0.716630 0.352528 0.053260 0.076907
0 0.749969 0.271537 0.044375 0.061111
0 0.354411 0.235991 0.033260 0.053204
0 0.697188 0.541176 0.083271 0.122352
0 0.822745 0.556972 0.089927 0.130241
0 0.394411 0.210306 0.028823 0.053204
0 0.329411 0.201419 0.036594 0.051235
0 0.368854 0.189568 0.031042 0.051235
0 0.831073 0.904880 0.171042 0.193944
2 0.976078 0.472037 0.049927 0.209259
