0 0.438297 0.797769 0.090823 0.223093
0 0.500297 0.209917 0.031260 0.052426
1 0.284854 0.827981 0.115479 0.240074
0 0.026708 0.885861 0.051333 0.180426
0 0.189188 0.559343 0.107271 0.146833
0 0.465854 0.219000 0.031271 0.054778
0 0.034819 0.663444 0.067555 0.167778
0 0.608411 0.187593 0.027927 0.040963
2 0.135522 0.366944 0.198601 0.259037
1 0.431854 0.212682 0.036146 0.058746
0 0.577521 0.193127 0.027479 0.043339
0 0.281635 0.383944 0.061042 0.100222
0 0.642073 0.247444 0.038375 0.051630
0 0.708745 0.303741 0.048594 0.067815
0 0.607188 0.310454 0.044146 0.068611
2 0.767740 0.238756 0.117708 0.174894
0 0.319964 0.265417 0.043927 0.066241
0 0.365406 0.222750 0.037042 0.054389
0 0.680630 0.512731 0.075927 0.115241
0 0.841635 0.611093 0.107708 0.138148
2 0.333297 0.172979 0.063927 0.097857
