0 0.438297 0.796972 0.092156 0.223093
0 0.501073 0.207343 0.031042 0.047278
1 0.284969 0.826602 0.114375 0.234944
0 0.046042 0.814750 0.090000 0.234944
0 0.466635 0.215250 0.031042 0.051241
2 0.054932 0.489815 0.107781 0.264556
1 0.433302 0.213271 0.031042 0.063087
0 0.188854 0.521417 0.095479 0.146056
0 0.611078 0.180682 0.026594 0.037413
0 0.652188 0.215250 0.035479 0.051241
0 0.574964 0.206355 0.025490 0.049254
2 0.679964 0.163886 0.068823 0.122339
0 0.234964 0.371296 0.069927 0.094704
0 0.316078 0.282407 0.045490 0.059148
0 0.610521 0.283398 0.045479 0.065056
0 0.690521 0.318944 0.049937 0.061111
2 0.269964 0.228086 0.095490 0.140124
0 0.652745 0.465120 0.063260 0.112463
0 0.807745 0.533278 0.106594 0.150000
0 0.401635 0.201423 0.027708 0.043339
0 0.369964 0.186602 0.028823 0.041352
2 0.908297 0.965120 0.185490 0.073463
