2 0.138301 0.398954 0.237045 0.322241
0 0.683854 0.209722 0.030812 0.048074
0 0.599964 0.226509 0.031490 0.059537
0 0.437745 0.796583 0.095490 0.234944
0 0.501297 0.211497 0.034156 0.056376
0 0.678078 0.272731 0.043260 0.059537
1 0.738630 0.242500 0.047490 0.069407
0 0.303078 0.409028 0.063490 0.095870
0 0.365969 0.274704 0.041708 0.068222
1 0.274630 0.867102 0.123927 0.241648
0 0.687969 0.392824 0.053708 0.087981
0 0.282302 0.277472 0.035708 0.061907
0 0.349187 0.220380 0.035708 0.060722
1 0.312411 0.214454 0.033260 0.061500
0 0.850411 0.624926 0.109260 0.157111
0 0.885630 0.409019 0.077490 0.084815
0 0.378188 0.192531 0.021708 0.040569
