0 0.437521 0.791241 0.089271 0.221111
0 0.501297 0.207738 0.033260 0.053598
1 0.282854 0.825620 0.114146 0.236130
0 0.465125 0.214093 0.031917 0.053037
1 0.433521 0.209614 0.030604 0.059328
0 0.419187 0.239944 0.041937 0.056370
0 0.117741 0.568630 0.113705 0.167000
0 0.236521 0.387685 0.067271 0.084815
0 0.050931 0.534852 0.099778 0.130259
0 0.641854 0.220981 0.036146 0.051630
0 0.226969 0.338111 0.062375 0.070185
0 0.616854 0.277074 0.040813 0.065074
0 0.658964 0.392037 0.057490 0.092704
0 0.738854 0.336722 0.053708 0.075333
