0 0.438635 0.794407 0.093708 0.226630
0 0.501411 0.204972 0.033927 0.049648
1 0.283188 0.823444 0.118375 0.234148
0 0.018931 0.949713 0.035778 0.104278
0 0.126186 0.683981 0.132816 0.208074
0 0.249078 0.482509 0.083927 0.116426
1 0.128077 0.480333 0.109930 0.181593
0 0.017486 0.567639 0.032889 0.108130
0 0.583630 0.197466 0.030823 0.045698
0 0.637745 0.238352 0.037260 0.058741
0 0.311188 0.355889 0.055708 0.078889
0 0.467745 0.212287 0.035490 0.054796
0 0.290521 0.294852 0.050813 0.063481
2 0.771188 0.248630 0.136146 0.160667
0 0.689854 0.334944 0.053042 0.067037
2 0.290187 0.210108 0.091479 0.108117
1 0.432302 0.203991 0.031708 0.064278
0 0.639521 0.376231 0.050604 0.083241
0 0.353078 0.230657 0.034594 0.063093
0 0.821411 0.602213 0.112594 0.151981
