0 0.439297 0.798167 0.093260 0.219926
0 0.502740 0.207744 0.034375 0.054402
1 0.283411 0.829176 0.116156 0.234537
0 0.075042 0.762806 0.148000 0.222685
0 0.241854 0.479546 0.082812 0.122352
0 0.466745 0.215843 0.032156 0.053204
0 0.135298 0.497722 0.103486 0.126296
2 0.671745 0.169818 0.073260 0.094698
0 0.626630 0.217815 0.031927 0.042926
2 0.201411 0.296037 0.148594 0.193852
1 0.433297 0.209516 0.034594 0.064265
0 0.589521 0.226315 0.033271 0.048074
0 0.312078 0.326259 0.050823 0.085222
0 0.673297 0.301176 0.050156 0.065056
0 0.765964 0.401713 0.069260 0.091537
0 0.639188 0.423046 0.064146 0.092315
2 0.849969 0.299787 0.173708 0.236907
0 0.346740 0.229870 0.034375 0.057556
0 0.385073 0.198058 0.028375 0.046883
0 0.778854 0.826407 0.134604 0.231370
0 0.971630 0.936481 0.058823 0.130741
