0 0.440521 0.791046 0.101042 0.223093
0 0.501635 0.206358 0.034375 0.053209
1 0.285521 0.828583 0.119938 0.242833
0 0.467187 0.214259 0.032146 0.053222
1 0.434964 0.207345 0.032156 0.063087
0 0.014931 0.718944 0.027778 0.102593
2 0.026042 0.516481 0.050000 0.223074
0 0.403297 0.227093 0.028823 0.055185
0 0.198854 0.406852 0.073271 0.094704
2 0.603297 0.195497 0.042156 0.090746
0 0.696630 0.222157 0.042156 0.057167
0 0.311078 0.295241 0.048823 0.072963
0 0.677188 0.272537 0.043271 0.067037
0 0.642745 0.327843 0.043260 0.070981
0 0.363302 0.225120 0.031042 0.051241
0 0.297740 0.263639 0.044375 0.065056
0 0.802188 0.515500 0.091042 0.126296
0 0.349969 0.206361 0.031042 0.045315
0 0.809411 0.877222 0.163260 0.249259
