0 0.435521 0.668583 0.075479 0.159870
0 0.512745 0.227102 0.036594 0.051241
1 0.299411 0.740685 0.085490 0.185556
0 0.466630 0.222157 0.028823 0.053204
1 0.447740 0.232037 0.037708 0.065074
0 0.480521 0.288333 0.056604 0.063074
0 0.409411 0.250806 0.036594 0.059130
0 0.046042 0.808824 0.090000 0.234944
0 0.220521 0.392037 0.065479 0.084815
0 0.298302 0.328824 0.047708 0.069019
0 0.411078 0.187593 0.026594 0.043333
0 0.426818 0.213157 0.030427 0.045315
0 0.453297 0.196484 0.022156 0.029513
0 0.489964 0.191546 0.026594 0.039389
