0 0.440297 0.794611 0.099260 0.224667
0 0.502073 0.206947 0.030375 0.050439
1 0.288078 0.823639 0.114823 0.229019
0 0.109854 0.705917 0.135708 0.195833
0 0.257187 0.454463 0.079708 0.108519
0 0.466521 0.214259 0.030375 0.052407
0 0.168630 0.456037 0.089260 0.110889
2 0.682188 0.175744 0.080375 0.101809
0 0.634187 0.230463 0.034146 0.049259
2 0.219964 0.279444 0.134156 0.165407
1 0.432854 0.208731 0.032813 0.066648
0 0.595521 0.240130 0.035042 0.055185
0 0.320406 0.310454 0.049708 0.082833
0 0.686630 0.324481 0.054156 0.069000
0 0.792521 0.451889 0.076146 0.105741
0 0.657969 0.476583 0.071042 0.102204
2 0.884302 0.325269 0.185042 0.253907
0 0.353521 0.215046 0.032375 0.050056
0 0.388521 0.189368 0.026375 0.042931
0 0.826187 0.930361 0.147479 0.142981
