0 0.438411 0.797769 0.088823 0.213611
0 0.500854 0.210111 0.031042 0.048852
1 0.280854 0.830556 0.107938 0.234148
0 0.166964 0.589963 0.111260 0.150407
0 0.466297 0.216435 0.027260 0.052019
0 0.604969 0.180281 0.025042 0.037402
2 0.110484 0.402306 0.218885 0.298944
1 0.432078 0.212873 0.029927 0.057550
0 0.573521 0.187197 0.024813 0.034643
0 0.269521 0.403685 0.068375 0.112074
0 0.635521 0.236185 0.036375 0.050444
0 0.692078 0.285565 0.044594 0.058352
0 0.598187 0.288731 0.039479 0.063093
2 0.746964 0.224139 0.100594 0.163833
0 0.307854 0.280824 0.047708 0.070204
0 0.357297 0.231046 0.035490 0.051241
0 0.660411 0.446759 0.065260 0.090741
0 0.797854 0.533074 0.086813 0.123519
2 0.327073 0.183442 0.065708 0.097450
0 0.793302 0.944185 0.117708 0.115333
