0 0.437630 0.791250 0.091260 0.221907
0 0.501630 0.204781 0.029927 0.048476
1 0.285969 0.825815 0.120375 0.244407
0 0.467078 0.212481 0.030594 0.050444
1 0.435302 0.209321 0.035042 0.063876
0 0.404740 0.224528 0.030375 0.052426
0 0.177411 0.432926 0.079260 0.098630
2 0.599630 0.185812 0.041490 0.085598
0 0.683411 0.209519 0.040156 0.056370
0 0.297521 0.311444 0.051479 0.072963
0 0.670521 0.257519 0.041937 0.061519
0 0.632302 0.300389 0.039708 0.065852
0 0.354521 0.236380 0.035708 0.054796
0 0.281854 0.273722 0.048146 0.059926
0 0.773521 0.455444 0.075042 0.116815
0 0.340964 0.214454 0.031260 0.046500
0 0.763854 0.746602 0.125938 0.217167
