0 0.440745 0.797167 0.096594 0.225852
0 0.503188 0.209318 0.034813 0.050439
1 0.284302 0.825222 0.118375 0.235333
0 0.026708 0.890407 0.051333 0.172111
0 0.141077 0.654750 0.122597 0.178833
0 0.602187 0.187595 0.025708 0.037809
0 0.266188 0.434111 0.070146 0.104185
0 0.466745 0.215444 0.035260 0.051630
0 0.197740 0.420676 0.081708 0.105759
2 0.694188 0.186799 0.086604 0.109698
0 0.639854 0.241917 0.037937 0.053204
2 0.233854 0.267984 0.125042 0.167772
1 0.434078 0.208132 0.033490 0.062291
0 0.600187 0.256528 0.036813 0.061907
0 0.326969 0.295639 0.046375 0.081648
0 0.700078 0.353324 0.058823 0.072167
0 0.819635 0.509769 0.085042 0.114056
0 0.677411 0.547694 0.084156 0.129056
2 0.906854 0.335944 0.188375 0.243630
0 0.360854 0.210111 0.033708 0.057556
