0 0.638411 0.246259 0.034156 0.057963
0 0.636188 0.339102 0.049271 0.076907
2 0.757635 0.279833 0.129042 0.160667
0 0.277073 0.352528 0.060375 0.093500
0 0.377521 0.300583 0.040375 0.068611
0 0.340078 0.262454 0.040156 0.069019
2 0.307964 0.212287 0.085260 0.135389
0 0.824964 0.435491 0.072156 0.098241
0 0.707411 0.580676 0.072594 0.143685
0 0.436740 0.902306 0.099708 0.199093
0 0.495964 0.201417 0.027927 0.047278
0 0.907745 0.729815 0.127490 0.182778
1 0.968187 0.492185 0.065708 0.142889
0 0.410745 0.204975 0.029490 0.051235
