0 0.438302 0.796981 0.091708 0.224667
0 0.501854 0.209120 0.033479 0.050833
1 0.282187 0.829565 0.124375 0.236907
0 0.035153 0.869667 0.068222 0.211222
0 0.203187 0.538796 0.097937 0.135778
0 0.466745 0.218213 0.033927 0.054796
0 0.049264 0.633028 0.096445 0.173315
0 0.613969 0.193521 0.028375 0.040180
2 0.150856 0.347981 0.181268 0.240074
1 0.433411 0.213861 0.033927 0.062685
0 0.579302 0.202602 0.028375 0.044907
0 0.289187 0.369713 0.059271 0.097056
0 0.648078 0.257713 0.041490 0.059537
0 0.719188 0.321120 0.054375 0.077315
0 0.613854 0.333370 0.048604 0.076519
2 0.782854 0.250210 0.128375 0.183580
0 0.326630 0.257917 0.042156 0.063870
0 0.371187 0.217611 0.033479 0.050444
0 0.697078 0.558944 0.081260 0.123926
0 0.874521 0.676685 0.127271 0.161852
2 0.340187 0.166651 0.061708 0.093106
