0 0.438630 0.793815 0.098156 0.232556
0 0.501854 0.207145 0.030375 0.050043
1 0.286854 0.825222 0.121708 0.234556
0 0.465411 0.213074 0.029490 0.051630
1 0.432078 0.206753 0.029927 0.061902
0 0.420521 0.238759 0.040604 0.058741
0 0.090519 0.574157 0.114816 0.148019
0 0.079298 0.490407 0.102153 0.113259
0 0.583302 0.198852 0.031042 0.046889
0 0.620521 0.265815 0.040604 0.061519
0 0.673969 0.219000 0.036375 0.051630
0 0.891854 0.409417 0.093938 0.100611
0 0.389078 0.209315 0.029260 0.048074
0 0.333188 0.201021 0.029042 0.045698
