0 0.439630 0.796972 0.097490 0.228611
0 0.501630 0.209127 0.033927 0.051635
1 0.284521 0.828583 0.117938 0.230981
0 0.467745 0.215250 0.031490 0.056759
2 0.027264 0.525370 0.052445 0.221111
1 0.434964 0.212086 0.030823 0.065457
0 0.134189 0.599444 0.118601 0.179630
0 0.640854 0.201417 0.029708 0.042537
0 0.568745 0.187003 0.025490 0.041365
2 0.663297 0.150058 0.054156 0.095476
0 0.189078 0.427204 0.079927 0.108519
0 0.292073 0.315796 0.050375 0.072963
0 0.594630 0.242898 0.034594 0.051241
0 0.662745 0.274704 0.042823 0.058741
2 0.239411 0.263444 0.123260 0.168963
0 0.627078 0.366954 0.050594 0.082056
0 0.753411 0.415148 0.077927 0.112852
0 0.400521 0.213269 0.029042 0.049648
0 0.356406 0.205963 0.037708 0.049259
2 0.857411 0.798213 0.287260 0.407278
