0 0.438854 0.794009 0.095479 0.225056
0 0.501630 0.208333 0.032156 0.049259
1 0.283854 0.826602 0.118813 0.246796
0 0.628297 0.192528 0.029927 0.053204
0 0.046597 0.715991 0.091111 0.223093
0 0.247745 0.382157 0.073260 0.128278
1 0.148297 0.401917 0.078823 0.128278
0 0.667188 0.250806 0.036604 0.051241
0 0.696078 0.211296 0.029927 0.043333
0 0.317740 0.293269 0.044375 0.069019
0 0.633854 0.332778 0.045479 0.069000
0 0.716073 0.335741 0.047708 0.071000
0 0.374969 0.248824 0.027708 0.047278
0 0.287740 0.247843 0.037708 0.057167
0 0.344411 0.225120 0.033260 0.059130
0 0.686078 0.480926 0.076594 0.128259
2 0.894964 0.370315 0.212156 0.262593
0 0.403302 0.206361 0.031042 0.045315
0 0.332187 0.191540 0.028813 0.043328
0 0.931630 0.826611 0.138823 0.262593
0 0.782740 0.882157 0.141042 0.239389
0 0.365521 0.197469 0.024375 0.047283
