0 0.439073 0.794009 0.089708 0.215574
0 0.500521 0.205769 0.033937 0.051241
1 0.282297 0.822454 0.117927 0.234537
0 0.087519 0.746602 0.146149 0.225056
0 0.229073 0.513722 0.089708 0.122741
1 0.077965 0.544333 0.126153 0.214778
0 0.579411 0.186410 0.027260 0.044920
0 0.626188 0.222750 0.034604 0.049648
0 0.297635 0.377815 0.061042 0.087963
0 0.466854 0.213870 0.035042 0.056370
0 0.273964 0.322898 0.059490 0.079278
2 0.746854 0.231053 0.120375 0.145265
0 0.674078 0.304333 0.048594 0.061889
2 0.277854 0.220185 0.097937 0.120370
1 0.431854 0.204975 0.032146 0.067828
0 0.626078 0.336926 0.044156 0.072556
0 0.347521 0.246454 0.036813 0.067833
0 0.778073 0.515889 0.093042 0.122333
0 0.952964 0.873815 0.096156 0.228222
0 0.811302 0.942602 0.137708 0.118500
2 0.979078 0.455843 0.043927 0.200574
0 0.378964 0.181664 0.027260 0.046487
