0 0.436073 0.794009 0.094375 0.225056
0 0.502745 0.207343 0.029927 0.047278
1 0.283297 0.826611 0.119927 0.250741
0 0.464969 0.213278 0.034375 0.055185
1 0.431078 0.205368 0.033260 0.063080
0 0.419411 0.238954 0.043260 0.059130
0 0.019931 0.735741 0.037778 0.144074
0 0.137189 0.506611 0.096601 0.120370
0 0.614969 0.179688 0.027708 0.043328
0 0.128298 0.439444 0.085486 0.088778
0 0.589964 0.214259 0.026594 0.045296
0 0.628854 0.290306 0.039938 0.070981
0 0.686630 0.238944 0.039927 0.055185
0 0.950521 0.472037 0.101042 0.110481
0 0.389964 0.203392 0.026594 0.043328
0 0.342187 0.190556 0.026604 0.037407
