0 0.438964 0.795204 0.093927 0.228222
0 0.500521 0.208528 0.033479 0.052019
1 0.285521 0.828389 0.112375 0.232963
0 0.148967 0.574361 0.106378 0.143685
0 0.587630 0.191148 0.028156 0.038593
0 0.634969 0.191544 0.027708 0.040172
0 0.301964 0.398954 0.057260 0.089944
0 0.126964 0.438454 0.087260 0.094685
0 0.255297 0.353120 0.063490 0.089167
0 0.601187 0.235796 0.033937 0.057556
2 0.709745 0.201614 0.082594 0.113254
0 0.356854 0.299000 0.042604 0.065444
0 0.252188 0.279444 0.046146 0.050852
0 0.693745 0.318157 0.050594 0.076130
0 0.623073 0.331398 0.047042 0.077315
0 0.308521 0.284583 0.043271 0.072167
0 0.385521 0.241713 0.029708 0.053611
1 0.343302 0.213271 0.037708 0.084420
0 0.297854 0.225907 0.034813 0.050444
0 0.695854 0.622352 0.090375 0.148815
0 0.852406 0.393222 0.084375 0.083222
0 0.931078 0.839639 0.139927 0.226241
0 0.403406 0.194901 0.026375 0.045309
0 0.454854 0.192729 0.026604 0.044913
