0 0.440073 0.793417 0.087708 0.220722
0 0.502745 0.206556 0.032156 0.048074
1 0.286078 0.824426 0.112594 0.240074
0 0.066484 0.749963 0.130885 0.231000
0 0.466521 0.214648 0.031271 0.054000
2 0.074599 0.464333 0.147115 0.293407
1 0.433521 0.208731 0.032375 0.064278
0 0.215854 0.480528 0.085479 0.138537
0 0.615964 0.194905 0.030156 0.042154
0 0.660630 0.229870 0.038156 0.050444
0 0.579740 0.224528 0.031042 0.050056
2 0.694187 0.178503 0.076375 0.126291
0 0.259630 0.340481 0.060156 0.090741
0 0.331073 0.265417 0.041708 0.056759
0 0.620078 0.315194 0.048594 0.072574
0 0.712411 0.362407 0.059490 0.074556
2 0.287630 0.214058 0.087260 0.121550
0 0.681635 0.562898 0.078375 0.134204
0 0.865521 0.647444 0.130604 0.193444
0 0.402521 0.197469 0.025937 0.044913
