0 0.438297 0.794019 0.089927 0.221111
0 0.502740 0.208336 0.034375 0.053217
1 0.282745 0.831546 0.118823 0.236907
0 0.067708 0.781176 0.133333 0.230981
0 0.237187 0.490806 0.085479 0.128278
0 0.464411 0.215250 0.028823 0.047278
0 0.123298 0.518463 0.108820 0.132222
2 0.667745 0.169818 0.073260 0.094698
0 0.623297 0.211296 0.033260 0.039370
2 0.196078 0.303148 0.149927 0.203333
1 0.433297 0.211294 0.033260 0.063080
0 0.588854 0.222167 0.033271 0.049259
0 0.309411 0.332778 0.052156 0.088778
0 0.669964 0.292287 0.048823 0.059130
0 0.758297 0.385120 0.069927 0.086796
0 0.633854 0.405861 0.058813 0.088759
2 0.836635 0.290306 0.171042 0.225056
0 0.344406 0.234019 0.037708 0.061111
0 0.382740 0.200429 0.027708 0.049254
0 0.760521 0.771296 0.123271 0.199370
0 0.959964 0.912778 0.082156 0.178148
