0 0.621635 0.205370 0.027708 0.043333
0 0.617745 0.284389 0.042156 0.067037
2 0.712740 0.241910 0.101042 0.132217
0 0.215521 0.433519 0.079937 0.124333
0 0.347745 0.361426 0.048823 0.090741
0 0.300521 0.307102 0.058813 0.080870
2 0.290521 0.232040 0.098812 0.148031
0 0.779406 0.363398 0.061042 0.082833
0 0.669411 0.450306 0.056594 0.110500
0 0.438854 0.862157 0.099937 0.246796
0 0.499411 0.204386 0.029927 0.049265
0 0.823297 0.551046 0.095490 0.122352
1 0.909964 0.412778 0.099927 0.130259
0 0.400521 0.226111 0.029937 0.053222
0 0.412745 0.183639 0.025490 0.047278
