0 0.440078 0.797370 0.088594 0.223074
0 0.501854 0.210704 0.030812 0.048481
1 0.285187 0.832528 0.119271 0.242056
0 0.468854 0.214454 0.031042 0.053611
2 0.016153 0.540778 0.030222 0.195037
1 0.435854 0.213275 0.029937 0.059931
0 0.110632 0.630657 0.127486 0.194648
0 0.637745 0.193127 0.026156 0.043339
0 0.567854 0.182256 0.024604 0.042931
0 0.170187 0.448528 0.087479 0.119574
0 0.283635 0.327648 0.053042 0.077704
0 0.590188 0.233417 0.032813 0.049648
0 0.654297 0.262056 0.039260 0.054000
2 0.229188 0.275296 0.132146 0.178444
0 0.619969 0.344037 0.047042 0.074148
0 0.737630 0.380778 0.069490 0.097852
0 0.400745 0.216833 0.028594 0.050444
0 0.350854 0.211500 0.036375 0.049259
2 0.814740 0.761472 0.249042 0.480759
