0 0.438297 0.795991 0.085490 0.225056
0 0.499411 0.209324 0.029927 0.051241
1 0.284964 0.827593 0.118823 0.240852
0 0.088297 0.667593 0.129927 0.177667
0 0.583854 0.180682 0.025479 0.037413
0 0.627187 0.178706 0.027708 0.041365
0 0.282187 0.434500 0.059937 0.090741
0 0.069411 0.511537 0.098823 0.126296
0 0.222745 0.394019 0.072156 0.108519
0 0.592745 0.224139 0.032156 0.057167
2 0.696630 0.188583 0.075490 0.104574
0 0.345521 0.323889 0.046604 0.071000
0 0.232187 0.307093 0.057708 0.061111
0 0.678854 0.289315 0.048813 0.072963
0 0.612187 0.298213 0.044375 0.063093
0 0.293297 0.309074 0.048823 0.072963
0 0.377740 0.261667 0.037708 0.061111
1 0.335521 0.222157 0.035479 0.088759
0 0.285521 0.235981 0.035479 0.049259
0 0.672188 0.526352 0.075479 0.120370
0 0.810521 0.356481 0.076604 0.084815
0 0.874964 0.693278 0.129927 0.161852
0 0.399411 0.204386 0.029927 0.049265
0 0.456635 0.192528 0.024375 0.041352
0 0.375521 0.185620 0.026604 0.039389
