0 0.438297 0.793222 0.089927 0.215593
0 0.502078 0.207744 0.030823 0.047291
1 0.284187 0.825426 0.114604 0.236519
0 0.017486 0.868287 0.032889 0.198204
0 0.185630 0.510556 0.087260 0.121963
0 0.592297 0.199247 0.028156 0.041357
0 0.640969 0.199639 0.029042 0.043722
0 0.314854 0.375648 0.052813 0.088370
0 0.156854 0.400333 0.074146 0.085593
0 0.270297 0.331000 0.056156 0.088370
0 0.605964 0.255148 0.036823 0.067815
2 0.722964 0.211491 0.087260 0.121944
0 0.365187 0.283787 0.040146 0.065056
0 0.264635 0.264037 0.043042 0.049259
0 0.708073 0.346019 0.055708 0.088370
0 0.630411 0.357472 0.050156 0.078093
0 0.318187 0.271944 0.040375 0.068222
0 0.391078 0.232037 0.031490 0.056370
1 0.347745 0.202407 0.035927 0.075333
0 0.306635 0.217019 0.032375 0.049259
0 0.725411 0.716778 0.105927 0.179630
0 0.893630 0.430361 0.085490 0.092722
0 0.956411 0.918306 0.089260 0.167093
0 0.405635 0.186608 0.025042 0.042154
