0 0.424411 0.552037 0.062156 0.128259
0 0.543297 0.246852 0.042156 0.051222
1 0.306635 0.630056 0.071042 0.138148
0 0.467187 0.213269 0.025479 0.039389
1 0.474406 0.248824 0.051042 0.070981
0 0.551630 0.332778 0.072156 0.076926
0 0.435521 0.275491 0.044375 0.053204
0 0.159411 0.488824 0.078823 0.116426
0 0.261630 0.419685 0.065490 0.096667
0 0.412740 0.191540 0.027708 0.043328
0 0.428427 0.222620 0.025750 0.042574
0 0.452745 0.198456 0.018823 0.033457
0 0.495521 0.196479 0.031042 0.045302
0 0.234411 0.985861 0.099927 0.031981
