0 0.436740 0.795981 0.090375 0.218741
0 0.501521 0.209713 0.031938 0.052019
1 0.283740 0.823648 0.119042 0.237704
0 0.072484 0.687546 0.142885 0.268130
0 0.628745 0.184632 0.026823 0.038994
0 0.237187 0.428380 0.069937 0.095870
0 0.601187 0.224333 0.031708 0.052037
0 0.656078 0.225519 0.031260 0.050444
0 0.337078 0.329222 0.044823 0.073741
0 0.206187 0.340083 0.059042 0.078093
0 0.300521 0.293667 0.047708 0.082444
0 0.620854 0.289713 0.046604 0.073759
2 0.752297 0.237368 0.109927 0.141302
0 0.377297 0.258898 0.034156 0.061907
0 0.288635 0.240333 0.040375 0.051630
0 0.744078 0.418704 0.070823 0.104963
0 0.651078 0.432333 0.062594 0.096667
0 0.335521 0.244093 0.033271 0.059926
0 0.398745 0.209123 0.029490 0.054791
1 0.358297 0.191349 0.032156 0.070598
0 0.322745 0.198058 0.025927 0.044513
0 0.801630 0.931741 0.136156 0.140222
0 0.968078 0.530907 0.065927 0.112074
