0 0.626411 0.218204 0.031490 0.046889
0 0.623188 0.298407 0.047708 0.067444
2 0.723411 0.249620 0.109490 0.136574
0 0.238411 0.409222 0.074156 0.111296
0 0.358854 0.342259 0.047938 0.078481
0 0.314740 0.292880 0.047708 0.076130
2 0.296078 0.226509 0.093490 0.147241
0 0.792521 0.384139 0.062812 0.079278
0 0.679521 0.480528 0.063042 0.121944
0 0.440297 0.877417 0.104156 0.248870
0 0.499297 0.204382 0.030594 0.050050
0 0.845411 0.594898 0.098823 0.130241
1 0.932078 0.434111 0.104594 0.132630
0 0.404411 0.222361 0.031927 0.053611
