0 0.438188 0.791444 0.095042 0.227037
0 0.501745 0.207738 0.031927 0.051228
1 0.284969 0.821074 0.117042 0.233370
0 0.467297 0.213278 0.031490 0.055185
1 0.434297 0.209318 0.035260 0.059920
0 0.406187 0.228481 0.032813 0.058741
0 0.139630 0.488241 0.096594 0.114444
2 0.592411 0.172380 0.038594 0.079278
0 0.665411 0.192333 0.036594 0.055185
0 0.276406 0.340481 0.057708 0.081259
0 0.657854 0.232824 0.036604 0.055574
0 0.617854 0.264833 0.035708 0.056370
0 0.337630 0.256333 0.040594 0.056778
0 0.253411 0.305519 0.053490 0.063481
0 0.734854 0.372287 0.062604 0.086389
0 0.324969 0.229870 0.037042 0.048074
0 0.708854 0.577324 0.091042 0.147241
