0 0.438297 0.797176 0.093490 0.229019
0 0.501297 0.208731 0.031927 0.050056
1 0.282854 0.829167 0.122146 0.237704
0 0.033708 0.876972 0.065333 0.200574
0 0.196854 0.548676 0.102604 0.137352
0 0.466854 0.218407 0.031938 0.053593
0 0.042819 0.651000 0.083555 0.173704
0 0.612078 0.190556 0.028594 0.039778
2 0.142189 0.356870 0.187934 0.248370
1 0.432521 0.213868 0.034813 0.063487
0 0.578521 0.197868 0.026812 0.043339
0 0.284969 0.377426 0.061042 0.099037
0 0.645073 0.252185 0.040375 0.058741
0 0.713411 0.311444 0.051260 0.076111
0 0.610521 0.323491 0.046812 0.073352
2 0.774406 0.244090 0.124375 0.178450
0 0.323297 0.261861 0.042594 0.063870
0 0.368406 0.221565 0.035042 0.052019
0 0.689297 0.534065 0.077260 0.117611
0 0.856635 0.643093 0.117708 0.150000
2 0.336630 0.170608 0.062594 0.095487
