0 0.585078 0.202206 0.030156 0.045698
2 0.646964 0.175935 0.060156 0.091130
0 0.194078 0.703148 0.112156 0.210037
0 0.112741 0.513120 0.109039 0.149204
2 0.221740 0.312824 0.159042 0.233759
0 0.714521 0.259093 0.042813 0.059926
0 0.619740 0.285769 0.037708 0.067426
0 0.438630 0.800731 0.095490 0.224278
0 0.501630 0.205960 0.033490 0.052413
0 0.721964 0.350556 0.056823 0.080074
1 0.792854 0.291889 0.062604 0.086000
0 0.360411 0.304333 0.046594 0.068222
0 0.392521 0.224926 0.035708 0.059519
1 0.255188 0.910806 0.132604 0.182093
0 0.730854 0.581870 0.081271 0.140519
0 0.313630 0.236380 0.028156 0.059537
0 0.365969 0.198256 0.032375 0.053598
1 0.335630 0.190157 0.035260 0.055574
0 0.969854 0.928778 0.062375 0.146148
