0 0.583964 0.194704 0.027927 0.043333
2 0.641854 0.170799 0.056146 0.087180
0 0.155630 0.794009 0.133927 0.251130
0 0.073188 0.555398 0.119708 0.172130
2 0.208630 0.325074 0.167490 0.245593
0 0.708297 0.248824 0.039260 0.053611
0 0.615964 0.272731 0.035490 0.066648
0 0.440854 0.796389 0.099937 0.228222
0 0.502078 0.206355 0.033490 0.056365
0 0.713078 0.333565 0.051490 0.071389
1 0.783745 0.282019 0.058594 0.083630
0 0.352406 0.318167 0.048375 0.075333
0 0.389411 0.232037 0.037490 0.065852
1 0.259411 0.903296 0.128594 0.197111
0 0.719521 0.535250 0.074604 0.124722
0 0.308969 0.241120 0.027708 0.054796
0 0.362854 0.204583 0.033271 0.058352
1 0.330969 0.192534 0.030375 0.054006
0 0.953854 0.893620 0.094375 0.216463
0 0.974297 0.526954 0.053490 0.110500
