0 0.441745 0.795593 0.099927 0.222704
0 0.500745 0.208731 0.033490 0.050056
0 0.058266 0.848130 0.114448 0.254296
1 0.281854 0.826806 0.115708 0.239278
0 0.634073 0.204380 0.027708 0.048463
0 0.093186 0.587000 0.093482 0.157889
0 0.269969 0.348778 0.067042 0.112852
1 0.179078 0.362407 0.068823 0.111667
0 0.680078 0.272130 0.040156 0.059926
0 0.709411 0.223148 0.033927 0.048074
0 0.330630 0.274907 0.040823 0.064667
0 0.648073 0.373870 0.051708 0.077704
0 0.737078 0.375639 0.058594 0.085204
0 0.381630 0.237769 0.031260 0.055981
0 0.300740 0.232824 0.037042 0.055574
0 0.352630 0.211889 0.027490 0.050037
0 0.711187 0.568630 0.093042 0.153556
2 0.913521 0.413370 0.175042 0.298926
0 0.405630 0.198259 0.028156 0.048074
0 0.338521 0.185818 0.026375 0.038994
0 0.960854 0.926009 0.080375 0.151685
