0 0.440188 0.795991 0.096375 0.226648
0 0.501854 0.207938 0.032604 0.054791
1 0.285521 0.829370 0.120813 0.248370
0 0.029708 0.836278 0.057333 0.202148
0 0.468078 0.215046 0.033927 0.054796
2 0.047931 0.494361 0.093778 0.242833
1 0.434854 0.207148 0.031042 0.063481
0 0.170854 0.546509 0.103938 0.164611
0 0.607964 0.175741 0.026594 0.036222
0 0.648854 0.208923 0.031938 0.048857
0 0.573854 0.201021 0.026375 0.045698
2 0.675188 0.159343 0.059271 0.112463
0 0.219188 0.388093 0.070813 0.099037
0 0.308521 0.294657 0.046812 0.066241
0 0.603630 0.266009 0.037490 0.053204
0 0.680188 0.302352 0.046604 0.063481
2 0.261188 0.240531 0.108604 0.153161
0 0.643635 0.429370 0.055708 0.095481
0 0.785521 0.485472 0.095937 0.138944
0 0.402411 0.204975 0.029260 0.055976
0 0.366187 0.192528 0.031042 0.043722
2 0.881745 0.893620 0.238594 0.216463
