0 0.437078 0.794407 0.092823 0.223481
0 0.500188 0.209914 0.031479 0.055580
1 0.284969 0.826213 0.115708 0.233352
0 0.467521 0.214454 0.031479 0.053611
1 0.436635 0.213275 0.033708 0.064672
0 0.021153 0.801120 0.040222 0.157907
0 0.026264 0.643491 0.050445 0.144463
0 0.190630 0.447741 0.081260 0.098259
0 0.613854 0.192528 0.027271 0.046093
2 0.108151 0.400722 0.214219 0.302889
0 0.588406 0.229667 0.031042 0.052407
0 0.665630 0.247250 0.045927 0.063093
0 0.402302 0.227491 0.027708 0.052019
0 0.310187 0.267787 0.044813 0.060722
2 0.661078 0.364380 0.086156 0.202537
0 0.837854 0.359444 0.086813 0.093111
0 0.365187 0.216426 0.033479 0.052815
0 0.810745 0.557769 0.096156 0.136574
0 0.829411 0.889074 0.147260 0.225556
