0 0.438411 0.798361 0.086156 0.221907
0 0.501521 0.208725 0.032375 0.049254
1 0.285297 0.826806 0.118594 0.234537
0 0.177740 0.499296 0.104375 0.175296
1 0.050153 0.561324 0.098222 0.200574
0 0.645745 0.211093 0.030594 0.049259
0 0.678187 0.188778 0.026604 0.040963
0 0.283854 0.353315 0.051708 0.080074
0 0.615297 0.268972 0.036823 0.059130
0 0.680521 0.272731 0.039271 0.060315
0 0.358964 0.287741 0.041490 0.061111
0 0.250854 0.286954 0.048813 0.064278
0 0.322740 0.257315 0.039708 0.065852
0 0.646297 0.360630 0.057490 0.089963
2 0.803969 0.286556 0.144375 0.174889
0 0.390187 0.232241 0.031042 0.050444
0 0.310635 0.217426 0.033708 0.046889
0 0.811745 0.556778 0.098156 0.134593
0 0.692297 0.583444 0.086823 0.142889
0 0.350745 0.225324 0.030823 0.052426
0 0.406854 0.196086 0.025708 0.040569
1 0.367745 0.176528 0.027927 0.063870
0 0.340078 0.178898 0.024594 0.037796
