0 0.437188 0.792037 0.091708 0.217963
0 0.502297 0.204979 0.031260 0.050450
1 0.281073 0.824630 0.111042 0.234148
0 0.466630 0.212880 0.033260 0.058352
1 0.431630 0.201423 0.036594 0.059931
0 0.417521 0.235991 0.039938 0.057167
0 0.022708 0.681611 0.043333 0.132222
0 0.180406 0.481713 0.088375 0.128278
0 0.631187 0.180481 0.029479 0.043333
0 0.586854 0.189370 0.027042 0.042148
0 0.274854 0.337722 0.056375 0.071778
0 0.126854 0.441028 0.079042 0.097463
0 0.661411 0.250019 0.041927 0.059926
0 0.264073 0.296037 0.050375 0.061889
0 0.635297 0.327444 0.047490 0.076519
0 0.687302 0.481120 0.071042 0.112870
0 0.785297 0.422259 0.068823 0.093889
