0 0.616406 0.193914 0.027042 0.042543
0 0.610635 0.264231 0.041708 0.063093
2 0.696187 0.223741 0.094146 0.118000
0 0.182969 0.483889 0.087708 0.132630
0 0.330188 0.398352 0.052813 0.089556
0 0.275406 0.333167 0.061042 0.089556
2 0.279740 0.246456 0.109708 0.162643
0 0.767969 0.341074 0.057708 0.079296
0 0.657854 0.407241 0.054375 0.097852
0 0.437411 0.840824 0.100156 0.247574
0 0.500078 0.205565 0.034823 0.055574
0 0.798411 0.494954 0.082156 0.108130
1 0.879297 0.379593 0.089260 0.113667
0 0.395521 0.238556 0.035479 0.053593
0 0.410297 0.190160 0.029927 0.050050
1 0.238969 0.974602 0.107708 0.054500
0 0.843188 0.950306 0.124604 0.103093
