0 0.437188 0.797963 0.089938 0.217148
0 0.498854 0.208336 0.033271 0.053217
1 0.284411 0.831537 0.113260 0.232963
0 0.147741 0.682407 0.117705 0.171741
0 0.256635 0.480926 0.077708 0.116407
0 0.047153 0.532287 0.092222 0.140130
0 0.622745 0.194503 0.032156 0.049254
0 0.579406 0.196484 0.027708 0.041365
0 0.107186 0.569815 0.105482 0.163815
0 0.314406 0.370315 0.057708 0.084815
1 0.266078 0.313028 0.063260 0.112463
0 0.193854 0.345620 0.061042 0.082833
0 0.606078 0.290306 0.036594 0.070981
0 0.676078 0.234019 0.038823 0.049259
0 0.696078 0.351546 0.052156 0.074944
0 0.367188 0.264630 0.038812 0.055185
0 0.461635 0.215250 0.027708 0.051241
0 0.341630 0.231056 0.036594 0.055185
2 0.907187 0.409815 0.187708 0.313963
0 0.820521 0.607352 0.112146 0.144074
2 0.331635 0.178706 0.067708 0.100624
1 0.426073 0.194509 0.027708 0.057167
0 0.759969 0.802898 0.124375 0.219130
0 0.371635 0.190553 0.027708 0.045302
