2 0.114042 0.469667 0.226000 0.411519
0 0.669854 0.187395 0.027708 0.041357
0 0.591297 0.205571 0.030594 0.054006
0 0.439188 0.793222 0.095708 0.230593
0 0.501854 0.209324 0.036146 0.058352
0 0.662411 0.245269 0.038594 0.051241
1 0.719854 0.219981 0.044146 0.062296
0 0.259411 0.488435 0.082823 0.121167
0 0.349745 0.302157 0.050594 0.082833
1 0.282740 0.831537 0.122375 0.232963
0 0.679078 0.338111 0.046156 0.078889
0 0.264740 0.304130 0.045042 0.071778
0 0.339521 0.235000 0.038604 0.066259
1 0.296854 0.231046 0.039938 0.070204
0 0.795854 0.516880 0.086375 0.119574
0 0.836521 0.359046 0.062375 0.074944
0 0.370297 0.203988 0.028594 0.041357
0 0.806073 0.918306 0.131708 0.167093
0 0.958964 0.919296 0.084156 0.165111
0 0.410078 0.184238 0.025490 0.039783
