0 0.612187 0.183836 0.027042 0.042143
0 0.602745 0.247250 0.038823 0.056759
2 0.681969 0.213071 0.087042 0.114043
0 0.139077 0.548287 0.105264 0.146056
0 0.311745 0.443398 0.065260 0.102981
0 0.247297 0.364389 0.071927 0.094296
2 0.269297 0.253568 0.118594 0.165013
0 0.753188 0.319148 0.053042 0.071778
0 0.647411 0.372083 0.049927 0.093907
0 0.438411 0.830157 0.096823 0.232574
0 0.499854 0.209519 0.032604 0.051630
0 0.774969 0.453269 0.073042 0.092722
1 0.857635 0.359639 0.079708 0.109315
0 0.389630 0.251991 0.034823 0.058352
0 0.405740 0.194701 0.028375 0.051228
1 0.245297 0.959398 0.127490 0.084907
0 0.820745 0.891250 0.145927 0.221204
0 0.331854 0.207148 0.026375 0.042148
0 0.376630 0.181667 0.027927 0.052815
