0 0.434745 0.794213 0.083260 0.216759
0 0.500078 0.208139 0.032156 0.044130
1 0.283854 0.825019 0.112146 0.231778
0 0.118186 0.663833 0.131482 0.186741
0 0.464854 0.214852 0.028375 0.053593
2 0.094266 0.451102 0.186448 0.338056
1 0.431964 0.211102 0.031490 0.064278
0 0.244745 0.439056 0.079260 0.120370
0 0.624630 0.213667 0.031490 0.044926
0 0.674521 0.252380 0.040604 0.053611
0 0.586630 0.250009 0.036823 0.063870
2 0.717854 0.197669 0.084146 0.145661
0 0.286521 0.308676 0.054813 0.078500
0 0.344854 0.249417 0.036813 0.057167
0 0.636406 0.372481 0.053708 0.078889
0 0.749969 0.434111 0.073708 0.093111
2 0.308521 0.197669 0.081937 0.107735
0 0.729187 0.742065 0.101938 0.208870
0 0.938411 0.866361 0.125260 0.270981
