0 0.437188 0.795981 0.092146 0.221111
0 0.501630 0.210315 0.029927 0.049259
1 0.284411 0.823639 0.119927 0.240870
0 0.466078 0.212287 0.029927 0.057167
1 0.431630 0.209321 0.032156 0.059135
0 0.420521 0.236972 0.038812 0.051241
0 0.055484 0.678463 0.108885 0.203333
0 0.186073 0.448333 0.081042 0.102593
0 0.012708 0.594509 0.023333 0.070981
0 0.626635 0.197469 0.031042 0.047283
0 0.177187 0.389074 0.072146 0.082852
0 0.600521 0.239935 0.034375 0.053204
0 0.639964 0.328833 0.046594 0.072963
0 0.704406 0.270556 0.037708 0.055185
