0 0.440521 0.795000 0.101042 0.224667
0 0.500630 0.208731 0.032823 0.050056
0 0.042931 0.889472 0.083778 0.224759
1 0.281521 0.827000 0.116375 0.239667
0 0.632297 0.200627 0.028156 0.048857
0 0.078856 0.613667 0.097268 0.169370
0 0.264969 0.356083 0.067708 0.114833
1 0.172297 0.371694 0.072594 0.113648
0 0.676187 0.266806 0.038604 0.059537
0 0.706187 0.220574 0.032375 0.046889
0 0.327521 0.279833 0.039938 0.065852
0 0.644964 0.363593 0.051260 0.076926
0 0.731521 0.364389 0.055042 0.082444
0 0.380078 0.240537 0.029927 0.055185
0 0.297745 0.236185 0.038156 0.055185
0 0.350854 0.215843 0.030146 0.053204
0 0.703411 0.545519 0.088594 0.143667
2 0.908411 0.408833 0.185260 0.294593
0 0.404521 0.200231 0.028146 0.047278
0 0.336297 0.188583 0.025927 0.040574
0 0.952964 0.906259 0.096156 0.191185
0 0.806297 0.951102 0.121490 0.101500
