0 0.436297 0.792241 0.087260 0.217556
0 0.501406 0.208929 0.033042 0.052031
1 0.284078 0.829176 0.118823 0.239278
0 0.067708 0.800731 0.133333 0.244019
0 0.233854 0.495546 0.086813 0.125907
0 0.466078 0.215250 0.030823 0.052019
0 0.108298 0.534463 0.114820 0.140519
2 0.664745 0.163299 0.068594 0.095883
0 0.622297 0.208333 0.032594 0.040556
2 0.189078 0.312037 0.151927 0.209259
1 0.433297 0.211294 0.034594 0.067820
0 0.586854 0.219204 0.031938 0.048074
0 0.306078 0.338111 0.052156 0.089963
0 0.665630 0.287546 0.048156 0.061500
0 0.751964 0.371491 0.065260 0.078500
0 0.631521 0.389861 0.056813 0.087574
2 0.829969 0.282009 0.160375 0.215574
0 0.342073 0.235796 0.035708 0.057556
0 0.381073 0.203392 0.028375 0.045698
0 0.747854 0.728037 0.115271 0.188704
0 0.948964 0.886111 0.104156 0.231481
