0 0.439411 0.790056 0.092156 0.221111
0 0.502188 0.205368 0.031042 0.051228
1 0.283854 0.825611 0.114375 0.244815
0 0.467740 0.210308 0.031042 0.057161
1 0.434964 0.206355 0.029927 0.061106
0 0.410521 0.231046 0.034375 0.047278
0 0.065484 0.588583 0.128885 0.165796
0 0.237187 0.395991 0.069937 0.104574
0 0.645521 0.205368 0.033271 0.051228
0 0.599964 0.222167 0.033260 0.049259
0 0.313854 0.289324 0.047708 0.065056
0 0.203854 0.358454 0.063271 0.080870
0 0.696078 0.302157 0.049927 0.074944
0 0.300521 0.257722 0.047708 0.061111
0 0.666635 0.429565 0.064375 0.104574
0 0.752187 0.693269 0.115479 0.189500
0 0.893854 0.648824 0.118813 0.163833
