0 0.438745 0.791833 0.092156 0.222296
0 0.502745 0.207744 0.029490 0.052031
1 0.282745 0.820870 0.114823 0.223481
0 0.054484 0.795796 0.106885 0.248370
0 0.466964 0.213463 0.032156 0.051630
2 0.058818 0.476981 0.115552 0.283926
1 0.433661 0.210689 0.032010 0.063956
0 0.202740 0.501074 0.093042 0.140111
0 0.613521 0.188581 0.028813 0.038987
0 0.657297 0.223148 0.034156 0.049667
0 0.578411 0.214648 0.030156 0.044519
2 0.686635 0.174160 0.073708 0.122346
0 0.245411 0.354306 0.064594 0.089944
0 0.325297 0.277278 0.043490 0.059926
0 0.614740 0.297019 0.042375 0.064667
0 0.702635 0.340676 0.052375 0.073759
2 0.277630 0.221571 0.092156 0.128672
0 0.665854 0.511546 0.069937 0.119981
0 0.834406 0.585019 0.116375 0.166593
0 0.402078 0.199442 0.026823 0.044117
0 0.373078 0.181466 0.027490 0.042143
