0 0.434854 0.655546 0.074146 0.155130
0 0.515411 0.228880 0.036594 0.052426
1 0.297411 0.728833 0.088156 0.185556
0 0.464297 0.219787 0.029490 0.053204
1 0.448406 0.234407 0.040375 0.065074
0 0.485521 0.291296 0.061271 0.061889
0 0.411078 0.251991 0.037260 0.056759
0 0.035708 0.833120 0.069333 0.229019
0 0.214854 0.399741 0.066146 0.088370
0 0.295969 0.334750 0.049708 0.071389
0 0.410745 0.188778 0.024594 0.040963
0 0.427927 0.214481 0.031167 0.045296
0 0.453964 0.197669 0.023490 0.029513
0 0.489964 0.192731 0.027927 0.041759
