0 0.435521 0.792037 0.091042 0.223481
0 0.500964 0.209917 0.034823 0.052426
0 0.026931 0.926213 0.051778 0.151278
1 0.284521 0.825222 0.115708 0.236111
0 0.630964 0.195294 0.029490 0.047672
0 0.058932 0.647444 0.115781 0.191889
0 0.259969 0.363787 0.071042 0.116019
1 0.165964 0.381769 0.077260 0.117204
0 0.673187 0.261472 0.037937 0.060722
0 0.703188 0.218796 0.033042 0.045704
0 0.323521 0.283981 0.039938 0.062296
0 0.641630 0.355296 0.048594 0.076926
0 0.726187 0.355500 0.053708 0.081259
0 0.378745 0.245278 0.029927 0.055185
0 0.292745 0.236778 0.036156 0.049259
0 0.350187 0.220583 0.034146 0.053204
0 0.695411 0.520037 0.084594 0.130630
2 0.903745 0.394019 0.194594 0.283926
0 0.403187 0.202602 0.029479 0.047278
0 0.333630 0.188583 0.027260 0.038204
0 0.945297 0.883741 0.111490 0.236222
0 0.800297 0.926806 0.129490 0.150093
