0 0.438521 0.798944 0.089042 0.215185
0 0.500964 0.207741 0.031260 0.044926
1 0.283635 0.829167 0.119708 0.237704
0 0.053042 0.839833 0.104000 0.244815
0 0.221406 0.508185 0.090375 0.121148
0 0.466302 0.212880 0.030375 0.053611
0 0.076522 0.569620 0.123268 0.150796
2 0.659187 0.158164 0.065479 0.091931
0 0.618078 0.203988 0.032156 0.046098
2 0.174632 0.322704 0.162153 0.206889
1 0.432406 0.212083 0.033708 0.066241
0 0.584188 0.211694 0.030146 0.042537
0 0.299854 0.351935 0.056604 0.092315
0 0.657854 0.275694 0.046812 0.061500
0 0.738854 0.348972 0.060375 0.074537
0 0.622854 0.363398 0.050146 0.080463
2 0.809078 0.267787 0.145260 0.201352
0 0.336521 0.244083 0.035271 0.056759
0 0.375964 0.210111 0.031490 0.046481
0 0.722521 0.650204 0.106375 0.159481
0 0.927854 0.802111 0.146375 0.226259
