0 0.435521 0.795000 0.092812 0.222296
0 0.501406 0.203991 0.030375 0.047685
1 0.284411 0.825815 0.108823 0.226259
0 0.050597 0.769519 0.099111 0.224259
0 0.266854 0.466704 0.063042 0.110111
0 0.042264 0.572583 0.082445 0.151981
0 0.197964 0.427204 0.083490 0.125111
0 0.588630 0.210506 0.030594 0.052024
2 0.686969 0.180873 0.070375 0.100217
0 0.333521 0.340685 0.048813 0.080074
0 0.215411 0.327444 0.057927 0.066259
0 0.666630 0.269565 0.043927 0.061907
0 0.607630 0.275889 0.040156 0.064259
0 0.279302 0.327241 0.047042 0.077704
0 0.372635 0.267787 0.037708 0.060722
1 0.327188 0.234204 0.038375 0.088370
0 0.274297 0.251194 0.040156 0.060722
0 0.656078 0.471444 0.063260 0.105370
0 0.782188 0.328231 0.062146 0.068611
0 0.831964 0.608130 0.109260 0.127481
0 0.397297 0.210315 0.028823 0.049259
0 0.458745 0.200040 0.025490 0.046106
0 0.371406 0.186012 0.027708 0.044124
