0 0.437078 0.788870 0.090156 0.214000
0 0.501521 0.205960 0.032375 0.050043
1 0.285521 0.827389 0.119042 0.241259
0 0.466740 0.211494 0.031708 0.059531
1 0.434964 0.205762 0.033927 0.062291
0 0.411521 0.230454 0.036375 0.055574
0 0.080074 0.568435 0.119705 0.153944
0 0.243188 0.387694 0.068604 0.099833
0 0.646188 0.207738 0.031938 0.053598
0 0.602964 0.227500 0.032594 0.055185
0 0.316521 0.286954 0.045042 0.065056
0 0.211188 0.350750 0.063271 0.077315
0 0.700745 0.311046 0.049927 0.076130
0 0.303854 0.253574 0.041042 0.057556
0 0.671302 0.447343 0.067042 0.109315
0 0.766521 0.740676 0.118813 0.210833
0 0.914854 0.691491 0.128812 0.178056
