0 0.440297 0.797769 0.091260 0.225463
0 0.502297 0.207738 0.031260 0.053598
1 0.282302 0.830361 0.121042 0.240870
0 0.466073 0.218009 0.031708 0.055981
1 0.434302 0.216824 0.033042 0.061500
0 0.047264 0.763398 0.092445 0.225463
0 0.073189 0.560139 0.111268 0.153167
0 0.235521 0.390259 0.063938 0.084407
0 0.578745 0.194308 0.028156 0.041754
0 0.625188 0.213861 0.033042 0.042944
2 0.161188 0.344630 0.175708 0.248370
0 0.598078 0.264824 0.036156 0.055574
0 0.687188 0.285167 0.051708 0.076519
0 0.400521 0.222463 0.029937 0.049852
0 0.328964 0.241130 0.040156 0.056370
2 0.698854 0.473222 0.118146 0.278778
0 0.912411 0.430167 0.111927 0.112074
0 0.376297 0.197667 0.029927 0.044519
0 0.906411 0.757861 0.150594 0.213611
