2 0.102151 0.508185 0.202219 0.442741
0 0.586969 0.193123 0.026375 0.051235
0 0.439854 0.794806 0.093938 0.221907
0 0.501964 0.206160 0.034594 0.053606
0 0.651521 0.225917 0.037708 0.052019
1 0.706854 0.205960 0.040813 0.059524
0 0.207635 0.588778 0.101042 0.161444
0 0.329521 0.334954 0.054604 0.084426
1 0.283745 0.825417 0.116823 0.227833
0 0.668302 0.308287 0.043708 0.073759
0 0.247411 0.329028 0.049927 0.079685
0 0.333521 0.249426 0.044375 0.072963
1 0.284302 0.241519 0.041042 0.067444
0 0.763854 0.452287 0.073042 0.103389
0 0.803078 0.325861 0.055927 0.061500
0 0.367302 0.209917 0.029708 0.047685
0 0.767188 0.798954 0.124604 0.218352
0 0.933297 0.812778 0.135490 0.223074
0 0.405078 0.191540 0.027490 0.043328
0 0.345630 0.178898 0.029490 0.044907
