2 0.085818 0.519833 0.169552 0.372815
0 0.439854 0.802704 0.096604 0.230593
0 0.501635 0.209120 0.034375 0.055574
0 0.637854 0.202605 0.033479 0.048865
1 0.690745 0.190358 0.033927 0.061506
0 0.087074 0.826204 0.143039 0.264963
0 0.289302 0.407241 0.071042 0.121556
1 0.281740 0.827991 0.116375 0.234537
0 0.658188 0.271148 0.039479 0.062704
0 0.214406 0.380574 0.055042 0.099037
0 0.317411 0.270556 0.046823 0.080481
1 0.259635 0.270352 0.049042 0.082444
0 0.730854 0.376435 0.056813 0.086796
0 0.766411 0.284981 0.049260 0.063481
0 0.358302 0.226111 0.033042 0.051630
0 0.717521 0.614657 0.092375 0.146056
0 0.852521 0.625120 0.104604 0.152759
0 0.398740 0.203988 0.027708 0.043728
0 0.336411 0.193516 0.030156 0.051228
0 0.374745 0.183843 0.029927 0.047685
0 0.846969 0.970259 0.117042 0.063185
