0 0.439297 0.796380 0.094156 0.226648
0 0.501406 0.207343 0.031708 0.052019
1 0.285302 0.828380 0.117708 0.243241
0 0.037042 0.826009 0.072000 0.221907
0 0.467635 0.215250 0.033042 0.053611
2 0.051597 0.491000 0.101111 0.252704
1 0.434302 0.209123 0.030375 0.061902
0 0.179521 0.535046 0.099479 0.156722
0 0.609411 0.177719 0.025927 0.036228
0 0.650521 0.212287 0.033479 0.050056
0 0.574630 0.203984 0.026156 0.046883
2 0.677630 0.161516 0.062823 0.117598
0 0.226964 0.379593 0.069927 0.097074
0 0.312411 0.288926 0.046156 0.062704
0 0.606854 0.273917 0.040813 0.057944
0 0.685521 0.310056 0.047938 0.062296
2 0.265630 0.234605 0.102823 0.148420
0 0.648411 0.447343 0.058594 0.102981
0 0.796411 0.508389 0.101260 0.145259
0 0.402302 0.203201 0.029042 0.051635
0 0.367964 0.189565 0.030156 0.042537
2 0.893964 0.928380 0.214156 0.146944
