0 0.439521 0.794611 0.092375 0.222296
0 0.502302 0.207935 0.029042 0.050833
1 0.285854 0.825611 0.120604 0.235333
0 0.466521 0.215444 0.033479 0.057148
1 0.433630 0.208336 0.033927 0.067439
0 0.079522 0.594111 0.121268 0.149222
2 0.073708 0.469472 0.145333 0.308426
0 0.577188 0.185025 0.025042 0.041357
0 0.636297 0.194111 0.033490 0.049259
0 0.402521 0.227093 0.030375 0.055185
0 0.263521 0.320731 0.058604 0.070204
2 0.625854 0.253176 0.057937 0.127870
0 0.749078 0.275889 0.056823 0.070593
0 0.341630 0.250796 0.040156 0.057556
0 0.722411 0.367148 0.059927 0.082444
0 0.694411 0.500093 0.067927 0.114444
0 0.388188 0.198655 0.027938 0.047283
0 0.338521 0.220574 0.036146 0.044519
0 0.957187 0.906852 0.087708 0.190000
