0 0.438635 0.792037 0.095042 0.223481
0 0.501964 0.205565 0.033260 0.050833
1 0.285297 0.827000 0.121260 0.242037
0 0.467411 0.212287 0.031260 0.054796
1 0.434521 0.206954 0.035708 0.063093
0 0.409521 0.229278 0.034146 0.056370
0 0.100964 0.539194 0.112594 0.139722
0 0.255188 0.370306 0.065937 0.095093
0 0.647964 0.217222 0.035490 0.052037
0 0.606745 0.238944 0.033927 0.052815
0 0.324521 0.278259 0.043271 0.063481
0 0.226745 0.333769 0.057927 0.073352
0 0.711854 0.329620 0.051708 0.083241
0 0.310964 0.246065 0.039260 0.058352
0 0.680635 0.484481 0.072375 0.115630
0 0.799188 0.838648 0.142375 0.247185
0 0.944411 0.795000 0.113260 0.223889
