2 0.087708 0.518463 0.173333 0.392963
0 0.437740 0.795000 0.097708 0.227037
0 0.498854 0.207343 0.033271 0.047278
0 0.642745 0.209315 0.029927 0.043333
1 0.694964 0.194509 0.036594 0.057167
0 0.132186 0.729815 0.128816 0.215185
0 0.306073 0.381176 0.061042 0.110500
1 0.283297 0.827593 0.119927 0.244815
0 0.661073 0.283398 0.037708 0.069019
0 0.224411 0.360435 0.053260 0.080870
0 0.324411 0.261667 0.046594 0.072963
1 0.268854 0.259685 0.044375 0.072963
0 0.742188 0.401917 0.062146 0.100611
0 0.777740 0.302157 0.051042 0.059130
0 0.362187 0.222157 0.031042 0.045315
0 0.731078 0.664630 0.099927 0.171741
0 0.876630 0.678463 0.122156 0.167778
0 0.400521 0.198454 0.027708 0.041352
0 0.338302 0.185614 0.027708 0.043328
0 0.374406 0.176729 0.024375 0.041357
