0 0.439521 0.793417 0.092812 0.218352
0 0.502964 0.208534 0.029927 0.052820
1 0.285297 0.825815 0.118594 0.236519
0 0.466297 0.216037 0.033490 0.055185
1 0.433854 0.208534 0.033937 0.067043
0 0.092188 0.581074 0.117708 0.147630
2 0.077042 0.466306 0.152000 0.318685
0 0.578411 0.187794 0.025260 0.042154
0 0.639073 0.197466 0.032375 0.050439
0 0.402854 0.227093 0.029708 0.055185
0 0.267740 0.314602 0.057708 0.069019
2 0.628297 0.259694 0.059260 0.131426
0 0.754521 0.281222 0.058375 0.073370
0 0.343521 0.247843 0.039042 0.055574
0 0.728521 0.379000 0.063271 0.082444
0 0.701411 0.523787 0.071260 0.120759
0 0.390297 0.196679 0.028594 0.051235
0 0.341635 0.217815 0.035708 0.042926
