0 0.437297 0.797176 0.091927 0.225056
0 0.503297 0.209719 0.033260 0.055191
1 0.284635 0.820870 0.116375 0.225852
0 0.048042 0.850509 0.094000 0.272463
0 0.188964 0.581472 0.105490 0.149204
1 0.034597 0.633019 0.067111 0.196222
0 0.611964 0.204188 0.029260 0.040180
0 0.281187 0.412778 0.066375 0.099444
0 0.466521 0.216037 0.031271 0.056778
0 0.238078 0.370111 0.068594 0.088370
2 0.715078 0.206558 0.098594 0.123143
0 0.652521 0.272333 0.041479 0.056370
2 0.254521 0.244086 0.109938 0.141309
1 0.432297 0.209516 0.030823 0.059524
0 0.611297 0.290500 0.042156 0.065852
0 0.335745 0.273519 0.038156 0.075333
0 0.728302 0.415148 0.070375 0.091519
0 0.879297 0.641519 0.117260 0.160259
0 0.728521 0.715000 0.106813 0.189519
2 0.939297 0.393417 0.123490 0.283537
0 0.369745 0.197275 0.030594 0.049265
