0 0.593078 0.222361 0.034156 0.049648
2 0.663411 0.191942 0.070823 0.100228
0 0.056042 0.709870 0.110000 0.235333
0 0.264969 0.548287 0.081042 0.143685
0 0.189635 0.427000 0.083708 0.112852
2 0.247854 0.278058 0.137479 0.199772
0 0.732302 0.286361 0.050375 0.070981
0 0.632406 0.324676 0.045708 0.084426
0 0.439630 0.810407 0.096594 0.231000
0 0.502521 0.207938 0.034813 0.054791
0 0.746630 0.395796 0.066594 0.088370
1 0.822297 0.322509 0.070823 0.102204
0 0.376964 0.274111 0.043260 0.066259
0 0.400406 0.205368 0.031042 0.055969
1 0.247521 0.935296 0.132812 0.133111
0 0.765630 0.718556 0.105927 0.199000
0 0.323411 0.219787 0.028594 0.047685
0 0.371078 0.189571 0.030594 0.050450
