2 0.097708 0.510750 0.193333 0.431278
0 0.586964 0.189565 0.026823 0.049648
0 0.439078 0.796778 0.091927 0.222704
0 0.502078 0.205568 0.033927 0.054791
0 0.649521 0.221565 0.035479 0.051241
1 0.703521 0.203395 0.042146 0.059135
0 0.190411 0.616231 0.106156 0.169759
0 0.324188 0.345028 0.056375 0.088759
1 0.283854 0.827000 0.117042 0.229407
0 0.666406 0.300972 0.043042 0.070981
0 0.242521 0.336333 0.052146 0.081667
0 0.331297 0.252380 0.044823 0.073352
1 0.280406 0.245861 0.041708 0.069796
0 0.758078 0.438852 0.071260 0.101000
0 0.795854 0.319935 0.053937 0.063870
0 0.366406 0.211296 0.031042 0.045704
0 0.756635 0.760231 0.120375 0.204130
0 0.926521 0.776037 0.149042 0.207296
0 0.403964 0.192729 0.027927 0.042543
0 0.344188 0.181077 0.029708 0.043735
