0 0.438740 0.795981 0.091708 0.223481
0 0.501188 0.207935 0.031271 0.048463
1 0.283406 0.823648 0.119708 0.240074
0 0.063484 0.720731 0.124885 0.284722
0 0.626745 0.181669 0.024156 0.037809
0 0.230521 0.439639 0.076604 0.099426
0 0.599854 0.219000 0.030375 0.048481
0 0.654411 0.220778 0.031927 0.048074
0 0.335078 0.336333 0.046156 0.076111
0 0.199854 0.347194 0.059708 0.075722
0 0.297187 0.297815 0.047708 0.081259
0 0.618521 0.282009 0.043271 0.070204
2 0.745964 0.232627 0.106594 0.138931
0 0.375964 0.262454 0.036823 0.064278
0 0.284635 0.244481 0.041708 0.052815
0 0.738078 0.400926 0.066823 0.100222
0 0.646078 0.416926 0.060594 0.096667
0 0.333854 0.247648 0.036604 0.062296
0 0.398411 0.214454 0.031490 0.053611
1 0.356630 0.193719 0.035490 0.075339
0 0.319411 0.199836 0.027260 0.048069
0 0.794964 0.905667 0.148156 0.192370
0 0.959078 0.514907 0.083927 0.110889
