2 0.057151 0.556583 0.112219 0.328574
0 0.439188 0.797176 0.090375 0.225056
0 0.501078 0.209321 0.035490 0.052024
0 0.626411 0.183639 0.031490 0.037796
1 0.679406 0.176132 0.033042 0.052809
0 0.235187 0.503056 0.080604 0.155926
1 0.284078 0.828778 0.113927 0.244815
0 0.648521 0.244083 0.035708 0.055981
0 0.178635 0.433120 0.061708 0.107722
0 0.302969 0.294259 0.054375 0.096259
1 0.235745 0.299398 0.054594 0.089167
0 0.709411 0.330796 0.049490 0.077704
0 0.739964 0.259296 0.039927 0.057963
0 0.349188 0.239343 0.032146 0.049648
0 0.685745 0.502852 0.072823 0.114444
0 0.801740 0.511935 0.081708 0.122352
0 0.392630 0.213472 0.027490 0.046093
0 0.323521 0.204185 0.031479 0.045704
0 0.367854 0.194509 0.028146 0.045315
0 0.807297 0.855843 0.161260 0.252315
2 0.960521 0.457417 0.081042 0.225056
