0 0.439964 0.795991 0.088823 0.213204
0 0.502188 0.207345 0.035479 0.051235
1 0.283297 0.825611 0.113260 0.232963
0 0.466073 0.213269 0.034375 0.047278
1 0.431635 0.208331 0.034375 0.057154
0 0.417745 0.237963 0.039927 0.057148
0 0.011597 0.709074 0.021111 0.098630
0 0.162187 0.507593 0.095479 0.142111
0 0.583302 0.185620 0.024375 0.039389
0 0.264969 0.355500 0.061042 0.078889
0 0.102189 0.472037 0.093268 0.114444
0 0.654406 0.238954 0.037708 0.059130
0 0.253302 0.310065 0.051042 0.063093
0 0.629411 0.308093 0.043260 0.067037
0 0.674964 0.442407 0.065490 0.102593
0 0.767740 0.390056 0.057708 0.084815
