0 0.436745 0.796389 0.086823 0.216370
0 0.501411 0.208333 0.032594 0.049259
1 0.284521 0.827991 0.119708 0.245611
0 0.465411 0.215250 0.030823 0.059130
1 0.432854 0.208731 0.033708 0.061907
0 0.419078 0.239546 0.040823 0.057944
0 0.069042 0.635194 0.136000 0.186352
0 0.206078 0.426602 0.072156 0.093907
0 0.024486 0.593324 0.046889 0.141315
0 0.631187 0.204975 0.031271 0.048865
0 0.197187 0.368722 0.072146 0.075333
0 0.604854 0.252389 0.038604 0.062296
0 0.646521 0.346407 0.050813 0.080481
0 0.715521 0.291694 0.047042 0.067426
