0 0.439302 0.798361 0.088375 0.224278
0 0.503411 0.210114 0.031260 0.052031
1 0.286630 0.828185 0.112823 0.233370
0 0.466854 0.216630 0.031479 0.052407
1 0.434969 0.211889 0.031708 0.061111
0 0.165854 0.484083 0.089479 0.117204
0 0.607411 0.182852 0.027260 0.038593
2 0.098932 0.432926 0.195781 0.334111
0 0.584964 0.215444 0.028156 0.041370
0 0.656188 0.229269 0.039479 0.060315
0 0.403187 0.225130 0.030375 0.055185
0 0.298745 0.279648 0.046823 0.062296
2 0.649411 0.323694 0.072594 0.171722
0 0.808964 0.329019 0.073927 0.086000
0 0.360630 0.225324 0.037260 0.050833
0 0.778964 0.487648 0.084594 0.113259
0 0.776411 0.751148 0.115927 0.197000
