0 0.439411 0.797963 0.092156 0.225074
0 0.502188 0.210315 0.031042 0.049259
1 0.283854 0.829574 0.118813 0.232963
0 0.467187 0.214259 0.032146 0.057148
1 0.433854 0.212284 0.032146 0.065061
0 0.126074 0.533278 0.101039 0.126296
2 0.087151 0.462157 0.172219 0.347537
0 0.580521 0.198456 0.025479 0.045309
0 0.644969 0.212287 0.034375 0.053204
0 0.403297 0.229074 0.033260 0.059148
0 0.281630 0.303148 0.056594 0.069000
2 0.636078 0.283398 0.065490 0.148019
0 0.776078 0.303148 0.065490 0.080852
0 0.349964 0.237963 0.035490 0.053222
0 0.746630 0.419685 0.073260 0.096667
0 0.726635 0.604380 0.084375 0.142093
0 0.394406 0.189571 0.024375 0.043339
0 0.351635 0.207352 0.027708 0.043333
