0 0.438297 0.794009 0.092156 0.221907
0 0.502406 0.207935 0.029708 0.050833
1 0.283635 0.823046 0.114375 0.225463
0 0.050042 0.808824 0.098000 0.246796
0 0.466969 0.214065 0.031708 0.051241
2 0.055266 0.482704 0.108448 0.274037
1 0.433479 0.211981 0.031521 0.063520
0 0.195854 0.511343 0.094812 0.142500
0 0.612411 0.184831 0.027927 0.038598
0 0.654854 0.219398 0.034146 0.050056
0 0.576964 0.210500 0.028156 0.045704
2 0.683297 0.169812 0.071490 0.122339
0 0.239630 0.362407 0.067260 0.091148
0 0.321078 0.280630 0.044823 0.060333
0 0.612521 0.289917 0.042813 0.063870
0 0.696854 0.329611 0.050604 0.068222
2 0.273297 0.225123 0.094156 0.134198
0 0.659078 0.488231 0.066594 0.116019
0 0.821078 0.558167 0.110594 0.157111
0 0.401854 0.200432 0.027271 0.043728
0 0.371630 0.184231 0.028156 0.041352
