2 0.094375 0.511343 0.186667 0.415870
0 0.586297 0.183639 0.024156 0.044907
0 0.438078 0.799148 0.091260 0.227444
0 0.501745 0.206160 0.035927 0.053606
0 0.648188 0.216824 0.035479 0.051241
1 0.700854 0.200432 0.042146 0.053209
0 0.173411 0.648824 0.108156 0.175685
0 0.320188 0.355102 0.059042 0.094685
1 0.285521 0.828185 0.115042 0.236519
0 0.664073 0.294454 0.042375 0.065056
0 0.235187 0.344037 0.052146 0.078111
0 0.328630 0.254157 0.046156 0.074537
1 0.276740 0.251787 0.043708 0.072167
0 0.754078 0.428185 0.068594 0.096259
0 0.790188 0.314009 0.055938 0.066241
0 0.365740 0.214259 0.031042 0.046889
0 0.748302 0.727046 0.111708 0.194648
0 0.904521 0.742852 0.133042 0.195444
0 0.402630 0.196284 0.025260 0.040172
0 0.341854 0.185225 0.029042 0.044920
