0 0.442745 0.796972 0.103260 0.230981
0 0.501078 0.206355 0.033260 0.049254
1 0.284964 0.826602 0.116594 0.234944
0 0.067151 0.867343 0.132219 0.269019
0 0.199411 0.573759 0.103260 0.144074
0 0.281630 0.432528 0.072156 0.094685
1 0.203297 0.391046 0.079927 0.142093
0 0.100521 0.445370 0.087708 0.120370
0 0.593297 0.232037 0.033260 0.057148
0 0.642745 0.193519 0.029927 0.043333
0 0.658297 0.277472 0.045490 0.065056
0 0.337740 0.313019 0.051042 0.072963
0 0.465521 0.212287 0.033271 0.057167
0 0.319406 0.263639 0.047708 0.065056
2 0.835521 0.305120 0.179938 0.211241
0 0.728854 0.422657 0.073271 0.086796
2 0.312745 0.187593 0.076594 0.102593
1 0.429411 0.199442 0.032156 0.063080
0 0.678297 0.502657 0.072156 0.112463
0 0.363297 0.208331 0.033260 0.057154
0 0.934964 0.872287 0.132156 0.259130
