0 0.437745 0.795991 0.086594 0.213204
0 0.501078 0.209324 0.035490 0.051241
1 0.283854 0.825611 0.118813 0.232963
0 0.127186 0.647833 0.132149 0.185556
0 0.465521 0.214259 0.031042 0.057148
2 0.099932 0.443398 0.197781 0.341611
1 0.431630 0.212287 0.032156 0.069019
0 0.251078 0.429574 0.079927 0.120370
0 0.624964 0.217222 0.032156 0.047296
0 0.678854 0.257713 0.039938 0.057167
0 0.588297 0.257713 0.038823 0.065056
2 0.723854 0.202410 0.085479 0.148031
0 0.292187 0.305120 0.055479 0.080870
0 0.347188 0.245861 0.038812 0.057167
0 0.639406 0.389074 0.054375 0.078889
0 0.758302 0.451296 0.074375 0.096667
2 0.312188 0.199447 0.079937 0.094698
0 0.742188 0.793028 0.113271 0.234944
0 0.946078 0.890065 0.109927 0.223574
