0 0.438411 0.792630 0.092823 0.218333
0 0.501740 0.203194 0.032375 0.050833
1 0.285302 0.825028 0.115042 0.232574
0 0.052042 0.885519 0.102000 0.232667
0 0.181406 0.600435 0.110375 0.170537
0 0.272078 0.443991 0.076594 0.104167
1 0.184521 0.407241 0.086375 0.154741
0 0.073964 0.472231 0.095927 0.125907
0 0.590078 0.219991 0.031260 0.051241
0 0.636302 0.187794 0.034375 0.042154
0 0.652854 0.266602 0.040813 0.059130
0 0.330521 0.323296 0.054375 0.074556
0 0.468521 0.211688 0.035271 0.057550
0 0.312745 0.268981 0.045490 0.062296
2 0.817745 0.289722 0.167927 0.200963
0 0.719521 0.396583 0.064812 0.082056
2 0.305521 0.195688 0.079937 0.108513
1 0.429630 0.199843 0.032594 0.063093
0 0.666521 0.464333 0.061479 0.100630
0 0.359854 0.213271 0.036604 0.058346
0 0.918078 0.796185 0.165927 0.238889
