0 0.439411 0.792426 0.092156 0.218741
0 0.502188 0.207738 0.031042 0.048857
1 0.283188 0.826204 0.117042 0.248370
0 0.467073 0.212679 0.032375 0.057161
1 0.435630 0.207540 0.029927 0.061106
0 0.411854 0.231639 0.034375 0.053204
0 0.062151 0.601620 0.122219 0.168167
0 0.231521 0.405472 0.071938 0.106944
0 0.643188 0.201219 0.031271 0.047672
0 0.598297 0.218019 0.031260 0.048074
0 0.309188 0.297620 0.046375 0.067426
0 0.195854 0.367343 0.065937 0.082056
0 0.690745 0.293861 0.047260 0.074944
0 0.295187 0.261870 0.045042 0.059926
0 0.662302 0.413565 0.062375 0.101019
0 0.741187 0.658306 0.109479 0.176463
0 0.876188 0.612676 0.111479 0.155537
