0 0.439078 0.795593 0.091490 0.221111
0 0.501297 0.208731 0.032823 0.050056
1 0.284297 0.828583 0.117927 0.233352
0 0.466630 0.215648 0.031490 0.052815
1 0.434406 0.210503 0.031042 0.062291
0 0.029153 0.788083 0.056222 0.191870
0 0.042708 0.609120 0.083333 0.142093
0 0.207297 0.427991 0.074594 0.102981
0 0.574854 0.182262 0.026604 0.041365
0 0.617188 0.198855 0.029479 0.041365
2 0.122632 0.380185 0.207486 0.282333
0 0.591964 0.239537 0.032823 0.051630
0 0.673411 0.259093 0.047260 0.064667
0 0.400521 0.225130 0.028604 0.050444
0 0.315740 0.257519 0.041708 0.057556
2 0.672635 0.394019 0.095042 0.222296
0 0.860078 0.379204 0.091260 0.097852
0 0.369630 0.210898 0.033490 0.044907
0 0.835854 0.608333 0.111708 0.147630
