0 0.438635 0.794806 0.091042 0.226648
0 0.501078 0.210706 0.030594 0.053217
1 0.286297 0.825222 0.116156 0.232185
0 0.467521 0.215444 0.031479 0.052407
1 0.435635 0.211889 0.033042 0.063481
0 0.017486 0.813963 0.032889 0.140926
0 0.019264 0.660870 0.036445 0.133407
0 0.182854 0.459194 0.084812 0.102981
0 0.611745 0.188778 0.027927 0.043333
2 0.105599 0.411000 0.209115 0.313963
0 0.587297 0.224926 0.030156 0.048481
0 0.662521 0.240528 0.042813 0.063870
0 0.402521 0.226907 0.029042 0.054000
0 0.306745 0.271944 0.045490 0.061111
2 0.656411 0.349769 0.081260 0.190685
0 0.827964 0.349759 0.082594 0.091926
0 0.363964 0.218806 0.033260 0.052019
0 0.798630 0.532685 0.090594 0.129852
0 0.813078 0.848926 0.137260 0.236111
