0 0.580521 0.187590 0.029042 0.044117
2 0.634745 0.163889 0.053490 0.078889
0 0.080484 0.902509 0.158885 0.198685
0 0.042264 0.630056 0.082445 0.197407
2 0.189522 0.343648 0.183934 0.256667
0 0.699188 0.234407 0.037937 0.053222
0 0.608854 0.254167 0.033708 0.061111
0 0.439521 0.796380 0.095937 0.225056
0 0.500964 0.207349 0.035260 0.052820
0 0.701187 0.311639 0.049042 0.066241
1 0.767745 0.267593 0.055490 0.080074
0 0.338740 0.344630 0.054375 0.082444
0 0.382411 0.244880 0.036823 0.063093
1 0.269854 0.889667 0.116146 0.224370
0 0.707964 0.480130 0.064823 0.120370
0 0.300635 0.252380 0.032375 0.059130
0 0.358854 0.208923 0.036375 0.065450
1 0.325854 0.198852 0.032146 0.058741
0 0.932745 0.804880 0.136594 0.230204
0 0.954411 0.486657 0.093260 0.108907
