0 0.438187 0.793028 0.093271 0.215981
0 0.501745 0.205960 0.033260 0.054783
1 0.285297 0.825815 0.115927 0.237296
0 0.040708 0.900926 0.079333 0.201852
0 0.165411 0.624926 0.116594 0.175296
0 0.264521 0.454259 0.079271 0.108926
1 0.168078 0.432130 0.093490 0.166593
0 0.049264 0.507000 0.096445 0.140111
0 0.589406 0.211694 0.031708 0.052019
0 0.630521 0.181864 0.032604 0.042939
0 0.646854 0.255935 0.040375 0.058352
0 0.324521 0.332380 0.054813 0.073759
0 0.466969 0.210898 0.033042 0.059130
0 0.306078 0.278065 0.045490 0.066241
2 0.801078 0.273123 0.156823 0.180420
0 0.707969 0.372870 0.060375 0.078889
2 0.301521 0.199244 0.083479 0.115624
1 0.430521 0.201815 0.032604 0.062296
0 0.655411 0.431148 0.061490 0.089556
0 0.358521 0.216037 0.033042 0.054407
0 0.878078 0.718352 0.145490 0.203333
