0 0.436854 0.796574 0.088813 0.217556
0 0.501630 0.209127 0.031260 0.049265
1 0.285078 0.826009 0.119927 0.243241
0 0.465745 0.214065 0.030594 0.058352
1 0.432297 0.209321 0.033490 0.061506
0 0.419854 0.238157 0.040146 0.055981
0 0.062484 0.655352 0.122885 0.192667
0 0.196406 0.437667 0.075042 0.097852
0 0.018708 0.596287 0.035333 0.112463
0 0.628969 0.201025 0.030375 0.047283
0 0.187521 0.378407 0.072813 0.078111
0 0.602521 0.245861 0.037042 0.057944
0 0.643297 0.337130 0.049260 0.077704
0 0.709740 0.281222 0.043042 0.062296
