0 0.438411 0.796185 0.091490 0.219148
0 0.503188 0.209719 0.030375 0.050450
1 0.285521 0.827796 0.118146 0.234148
0 0.467187 0.214852 0.030812 0.051222
1 0.433854 0.210506 0.032146 0.061506
0 0.116408 0.548685 0.105705 0.133407
2 0.084818 0.462750 0.167552 0.332130
0 0.579521 0.194901 0.024813 0.045309
0 0.643302 0.205766 0.033708 0.054394
0 0.403297 0.227889 0.030594 0.056778
0 0.275964 0.306704 0.057260 0.073741
2 0.634078 0.276287 0.062823 0.140907
0 0.768745 0.294259 0.062823 0.077296
0 0.347964 0.241519 0.038156 0.055593
0 0.740297 0.406648 0.069927 0.091926
0 0.717635 0.575935 0.082375 0.134981
0 0.392740 0.191942 0.026375 0.048080
0 0.348302 0.212685 0.030375 0.046889
