0 0.439964 0.790657 0.093260 0.220722
0 0.502411 0.207744 0.031490 0.049661
1 0.285188 0.824630 0.118375 0.242037
0 0.467521 0.213269 0.030146 0.053611
1 0.434297 0.209324 0.033490 0.063093
0 0.406411 0.226898 0.034156 0.057167
0 0.156521 0.468093 0.092146 0.116815
2 0.594406 0.176333 0.041708 0.082444
0 0.674073 0.197469 0.037042 0.054394
0 0.285521 0.327056 0.053708 0.081259
0 0.661630 0.241907 0.037927 0.056370
0 0.624297 0.277861 0.037927 0.061907
0 0.345630 0.247250 0.037927 0.054389
0 0.266115 0.291037 0.052521 0.063222
0 0.750187 0.400731 0.065708 0.097463
0 0.331521 0.223148 0.037271 0.050444
0 0.727745 0.634213 0.101260 0.169352
