0 0.438745 0.795398 0.092156 0.227833
0 0.502188 0.208725 0.033708 0.051624
1 0.284630 0.825028 0.114594 0.235722
0 0.155741 0.532481 0.111039 0.187148
1 0.034153 0.601620 0.066222 0.200574
0 0.640411 0.204577 0.029260 0.045698
0 0.675521 0.184037 0.025271 0.043333
0 0.274187 0.368722 0.056375 0.089556
0 0.611297 0.254157 0.034156 0.055574
0 0.673854 0.257324 0.036604 0.053204
0 0.353964 0.295444 0.040823 0.062296
0 0.240521 0.297620 0.046812 0.066648
0 0.318073 0.264426 0.038375 0.065852
0 0.638964 0.341667 0.050823 0.085222
2 0.788969 0.271741 0.134375 0.166593
0 0.387188 0.236981 0.031708 0.050444
0 0.306302 0.223352 0.034375 0.046889
0 0.793745 0.515889 0.090156 0.123926
0 0.680297 0.539593 0.078823 0.131037
0 0.347078 0.229472 0.028823 0.055981
0 0.405521 0.197864 0.027042 0.046494
1 0.365745 0.178306 0.029260 0.065056
0 0.336078 0.183639 0.027260 0.042537
