0 0.438745 0.795000 0.093927 0.227037
0 0.502854 0.208331 0.034146 0.050043
1 0.283745 0.823639 0.114594 0.232167
0 0.143630 0.552435 0.119260 0.197019
1 0.023819 0.613269 0.045555 0.176463
0 0.638297 0.202012 0.028594 0.042939
0 0.268073 0.377222 0.058375 0.091519
0 0.609297 0.248231 0.033260 0.053204
0 0.670635 0.250407 0.036375 0.052815
0 0.351411 0.300778 0.040156 0.064259
0 0.235630 0.303741 0.047260 0.070185
0 0.316188 0.267991 0.038146 0.066648
0 0.635302 0.332574 0.048375 0.083630
2 0.781745 0.265620 0.130594 0.163833
0 0.385854 0.239537 0.033042 0.051630
0 0.303521 0.226509 0.034146 0.050056
0 0.783964 0.495944 0.087490 0.122741
0 0.674411 0.518852 0.075927 0.125889
0 0.345745 0.231444 0.030156 0.058333
0 0.403964 0.199053 0.026594 0.048080
1 0.365187 0.177914 0.029479 0.065061
0 0.334411 0.186806 0.027927 0.044130
