0 0.582521 0.192331 0.027708 0.044117
2 0.639745 0.168630 0.055490 0.086000
0 0.130853 0.837278 0.146149 0.257852
0 0.058932 0.580278 0.115781 0.185556
2 0.201521 0.332389 0.171937 0.253111
0 0.705187 0.243296 0.039271 0.052037
0 0.613521 0.266611 0.035042 0.067037
0 0.441187 0.796380 0.099271 0.225056
0 0.501964 0.206756 0.034594 0.056376
0 0.709187 0.325269 0.050375 0.067426
1 0.778411 0.276481 0.058156 0.081259
0 0.348406 0.326852 0.049708 0.077704
0 0.387078 0.235398 0.036823 0.065463
1 0.263188 0.899148 0.124146 0.205407
0 0.715297 0.515093 0.070156 0.121556
0 0.306302 0.244676 0.029042 0.055574
0 0.361521 0.205368 0.033708 0.060709
1 0.328854 0.194111 0.030146 0.056370
0 0.946411 0.867694 0.109260 0.232574
0 0.967745 0.512731 0.066594 0.113648
