2 0.125932 0.413769 0.249781 0.347130
0 0.680521 0.204979 0.033479 0.050450
0 0.598297 0.221769 0.029490 0.054796
0 0.437745 0.795398 0.095490 0.234944
0 0.500297 0.209127 0.033490 0.054006
0 0.674078 0.267398 0.043260 0.060722
1 0.736297 0.238352 0.046823 0.070593
0 0.294078 0.421472 0.064156 0.099426
0 0.362302 0.278259 0.043708 0.065852
1 0.273630 0.858213 0.125927 0.238093
0 0.685302 0.380380 0.048375 0.079685
0 0.279302 0.283398 0.036375 0.064278
0 0.346854 0.223935 0.036375 0.065463
1 0.308078 0.218009 0.036594 0.068611
0 0.838411 0.603593 0.110594 0.154741
0 0.875964 0.397759 0.076823 0.078889
0 0.377854 0.192531 0.023708 0.038198
