0 0.437745 0.800528 0.093260 0.223870
0 0.500411 0.208731 0.032823 0.052426
1 0.285073 0.829167 0.117708 0.235333
0 0.090298 0.784926 0.140153 0.223481
0 0.224521 0.538204 0.089938 0.139333
0 0.020597 0.745611 0.039111 0.158296
0 0.291964 0.411991 0.063927 0.103389
1 0.231297 0.358852 0.074156 0.132222
0 0.145073 0.398954 0.073708 0.099426
0 0.596411 0.253167 0.035490 0.059926
0 0.653740 0.209324 0.037708 0.053611
0 0.671411 0.304731 0.048156 0.067426
0 0.350745 0.291889 0.047260 0.067037
0 0.465740 0.215843 0.033708 0.055574
0 0.329078 0.248231 0.041260 0.057944
2 0.871854 0.345222 0.209479 0.251926
0 0.758411 0.485472 0.085260 0.108907
2 0.321521 0.188382 0.073708 0.103383
1 0.427964 0.200632 0.027927 0.059143
0 0.701854 0.598056 0.087708 0.142889
0 0.366964 0.202213 0.032156 0.053611
