2 0.148743 0.391250 0.224597 0.313167
0 0.686745 0.212880 0.030823 0.047278
0 0.600297 0.231250 0.033490 0.059537
0 0.439521 0.795787 0.097271 0.232574
0 0.501411 0.211497 0.034823 0.058746
0 0.681630 0.279241 0.044156 0.062296
1 0.742745 0.247843 0.048156 0.072167
0 0.310297 0.396583 0.061927 0.092315
0 0.369630 0.270352 0.041490 0.070593
1 0.273854 0.876824 0.121042 0.250056
0 0.691964 0.404880 0.055490 0.093907
0 0.285521 0.273519 0.036375 0.063481
0 0.351078 0.218806 0.036823 0.061500
1 0.314740 0.212086 0.033042 0.058346
0 0.863740 0.652583 0.115042 0.165796
0 0.895740 0.421074 0.079042 0.087593
0 0.378969 0.192136 0.022375 0.043728
