2 0.122042 0.427000 0.242000 0.364111
0 0.677188 0.199843 0.032604 0.048870
0 0.595745 0.217417 0.029260 0.055574
0 0.438187 0.796583 0.094604 0.230204
0 0.499964 0.208336 0.034156 0.053217
0 0.670745 0.261278 0.041927 0.058741
1 0.732187 0.233417 0.046146 0.070204
0 0.285521 0.435500 0.067479 0.106148
0 0.359297 0.283000 0.045260 0.072185
1 0.274630 0.852093 0.122156 0.244815
0 0.683302 0.368333 0.047042 0.076926
0 0.275854 0.288528 0.037937 0.065056
0 0.345411 0.226704 0.036156 0.065444
1 0.305302 0.221176 0.037708 0.068611
0 0.827073 0.580278 0.104375 0.145259
0 0.865630 0.386898 0.074823 0.076907
0 0.376411 0.195694 0.026156 0.040574
