0 0.439740 0.798157 0.085708 0.225463
0 0.503411 0.208333 0.030823 0.049259
1 0.286411 0.827389 0.109260 0.241259
0 0.086297 0.713222 0.141927 0.219148
0 0.466854 0.212278 0.027938 0.054000
2 0.082932 0.457815 0.163781 0.315926
1 0.432854 0.209324 0.029708 0.060722
0 0.227854 0.462157 0.084146 0.130241
0 0.619297 0.199645 0.032823 0.046894
0 0.665630 0.238167 0.037490 0.052815
0 0.583073 0.234602 0.031042 0.053611
2 0.703521 0.186799 0.076375 0.135772
0 0.270964 0.326852 0.056156 0.082444
0 0.335740 0.258898 0.041708 0.057944
0 0.627078 0.335935 0.050594 0.078500
0 0.725745 0.387296 0.062156 0.081667
2 0.295964 0.206947 0.083927 0.121550
0 0.697635 0.625713 0.090375 0.157907
0 0.905854 0.726259 0.145937 0.227815
