0 0.441635 0.795991 0.087708 0.229019
0 0.502745 0.211296 0.029927 0.047296
1 0.288297 0.824630 0.118823 0.231000
0 0.467187 0.217222 0.032146 0.051222
1 0.433302 0.208333 0.031042 0.061111
0 0.013819 0.830556 0.025555 0.124333
0 0.013264 0.677463 0.024445 0.114444
0 0.175521 0.471046 0.088813 0.112463
0 0.609411 0.184630 0.029927 0.037407
2 0.103266 0.421667 0.204448 0.325815
0 0.586630 0.220185 0.028823 0.041370
0 0.660521 0.234009 0.038812 0.065056
0 0.402187 0.225130 0.031042 0.055185
0 0.302745 0.275500 0.045490 0.061111
2 0.652745 0.333769 0.076594 0.177648
0 0.818297 0.339685 0.076594 0.090741
0 0.363297 0.221176 0.033260 0.047278
0 0.786630 0.506611 0.086594 0.120370
0 0.794411 0.797963 0.119927 0.217148
