0 0.439521 0.791639 0.097708 0.224278
0 0.501969 0.208729 0.033708 0.053209
1 0.285187 0.825620 0.117938 0.241648
0 0.467187 0.212481 0.030812 0.054407
1 0.434964 0.206753 0.032156 0.061902
0 0.020597 0.708278 0.039111 0.121556
2 0.029042 0.506407 0.056000 0.221889
0 0.403964 0.227093 0.030156 0.057556
0 0.205187 0.396185 0.072604 0.092333
2 0.605297 0.200238 0.043490 0.095487
0 0.699964 0.226306 0.043490 0.058352
0 0.313745 0.291093 0.048823 0.071778
0 0.680521 0.279648 0.044604 0.067037
0 0.645745 0.340287 0.043927 0.074537
0 0.365635 0.222750 0.033042 0.053611
0 0.302073 0.258898 0.042375 0.060315
0 0.812521 0.538611 0.091708 0.127481
0 0.351635 0.203991 0.030375 0.047685
0 0.822745 0.902111 0.149927 0.199481
