0 0.438854 0.799352 0.086604 0.219926
0 0.501964 0.208528 0.031490 0.047278
1 0.284854 0.826407 0.119938 0.232185
0 0.187964 0.483694 0.102594 0.168574
1 0.054932 0.533472 0.107781 0.181204
0 0.648188 0.216231 0.031042 0.050056
0 0.679745 0.190164 0.027927 0.039783
0 0.287854 0.346009 0.050375 0.077315
0 0.617188 0.276287 0.038375 0.060315
0 0.683630 0.278657 0.041490 0.064278
0 0.361078 0.283593 0.039927 0.060704
0 0.255854 0.281620 0.047708 0.063870
0 0.325854 0.252583 0.037479 0.064278
0 0.649078 0.370898 0.058156 0.091537
2 0.811630 0.293667 0.150823 0.182778
0 0.391740 0.230259 0.031042 0.051222
0 0.312969 0.214648 0.033042 0.049259
0 0.821411 0.578111 0.102823 0.140926
0 0.698964 0.607148 0.091260 0.150000
0 0.353302 0.222759 0.032375 0.052815
