0 0.437969 0.795194 0.089708 0.214796
0 0.501078 0.206361 0.034594 0.052426
1 0.282854 0.825417 0.110604 0.227833
0 0.236406 0.522213 0.077708 0.127870
0 0.138632 0.495935 0.099486 0.145648
0 0.584073 0.191938 0.030375 0.046494
2 0.673630 0.166456 0.064156 0.090346
0 0.314188 0.378407 0.058146 0.089148
0 0.180745 0.366157 0.068156 0.074944
0 0.650078 0.241315 0.037490 0.057556
0 0.596406 0.245861 0.033708 0.057167
0 0.248073 0.373269 0.055708 0.092315
0 0.358187 0.289917 0.042604 0.061500
1 0.315073 0.250602 0.044375 0.092722
0 0.255740 0.268380 0.045708 0.061907
0 0.635302 0.397963 0.051042 0.083222
0 0.744411 0.290111 0.054594 0.061889
0 0.778406 0.505417 0.085708 0.107722
0 0.390406 0.222556 0.031042 0.051630
0 0.458078 0.204581 0.030823 0.052024
0 0.364297 0.200040 0.029927 0.046106
2 0.968297 0.459204 0.065490 0.210444
