0 0.434188 0.799546 0.095937 0.214796
0 0.500521 0.210905 0.033479 0.057561
1 0.282073 0.832139 0.114375 0.239685
0 0.129077 0.714602 0.126597 0.198981
0 0.247521 0.501472 0.077708 0.125907
0 0.036375 0.577324 0.070667 0.154352
0 0.617969 0.187000 0.028375 0.044519
0 0.578078 0.192132 0.028156 0.046883
0 0.071188 0.630454 0.114375 0.182389
0 0.307406 0.385519 0.058375 0.088370
1 0.255078 0.329417 0.063927 0.119981
0 0.177297 0.360630 0.064823 0.087593
0 0.603964 0.276481 0.039490 0.063074
0 0.669964 0.227491 0.040823 0.055981
0 0.686854 0.338509 0.049271 0.078093
0 0.361740 0.274704 0.041708 0.062704
0 0.463188 0.217019 0.030812 0.051630
0 0.337411 0.237176 0.036594 0.053204
2 0.897521 0.389861 0.207042 0.300130
0 0.796854 0.563296 0.102604 0.127074
2 0.327740 0.178308 0.069708 0.095087
1 0.426297 0.197861 0.029927 0.059130
0 0.739964 0.723694 0.108823 0.194241
0 0.371969 0.193521 0.032375 0.042550
