0 0.438854 0.795000 0.091042 0.219148
0 0.502745 0.205370 0.032156 0.055185
1 0.283854 0.826602 0.114375 0.230981
0 0.465521 0.211296 0.031042 0.055185
1 0.437188 0.208331 0.034375 0.057154
0 0.416635 0.235991 0.037708 0.057167
0 0.042708 0.662657 0.083333 0.183574
0 0.202187 0.448333 0.084375 0.122333
0 0.636635 0.191544 0.031042 0.047283
0 0.591630 0.204386 0.029927 0.049265
0 0.290521 0.319935 0.054375 0.070981
0 0.158854 0.409815 0.071042 0.100630
0 0.673854 0.265611 0.041042 0.061111
0 0.279411 0.280426 0.045490 0.055185
0 0.645521 0.356481 0.053271 0.088778
0 0.708297 0.540185 0.083260 0.128259
0 0.818297 0.485861 0.083260 0.098648
