0 0.437964 0.795204 0.091927 0.225852
0 0.501630 0.207349 0.032594 0.052820
1 0.283630 0.825222 0.118823 0.235333
0 0.074151 0.781769 0.146219 0.246389
0 0.217964 0.532287 0.093260 0.133019
1 0.063042 0.587000 0.124000 0.235333
0 0.578964 0.182855 0.025490 0.042550
0 0.620635 0.215241 0.035042 0.050444
0 0.291635 0.390852 0.065042 0.091926
0 0.467745 0.215056 0.033260 0.058741
0 0.263740 0.333565 0.060375 0.073759
2 0.735297 0.221169 0.110594 0.138143
0 0.665630 0.293667 0.046823 0.059519
2 0.271630 0.227688 0.101490 0.132217
1 0.432521 0.206951 0.031708 0.063876
0 0.621854 0.317176 0.042813 0.070981
0 0.343302 0.255537 0.039042 0.071778
0 0.758297 0.478352 0.085490 0.112074
0 0.937411 0.799546 0.127260 0.231389
0 0.784854 0.888481 0.147937 0.226741
2 0.964411 0.418704 0.073260 0.263778
0 0.375630 0.183244 0.028594 0.048069
