0 0.438302 0.796981 0.087708 0.215185
0 0.502188 0.210306 0.035479 0.053204
1 0.282187 0.829565 0.124375 0.236907
0 0.033819 0.863148 0.065555 0.217148
0 0.208854 0.529315 0.093271 0.138148
0 0.466078 0.218213 0.036594 0.057167
0 0.054932 0.612287 0.107781 0.169759
0 0.614969 0.196484 0.027708 0.041365
2 0.160522 0.339685 0.176601 0.232963
1 0.434411 0.213269 0.033260 0.059130
0 0.579969 0.207343 0.031042 0.047278
0 0.293854 0.361417 0.056604 0.094685
0 0.651078 0.263639 0.042156 0.057167
0 0.725521 0.331787 0.057708 0.074944
0 0.617188 0.341667 0.049937 0.078889
2 0.792188 0.256729 0.131042 0.189506
0 0.329964 0.253769 0.042156 0.065056
0 0.373854 0.212278 0.032146 0.049259
0 0.704411 0.585611 0.086594 0.132222
0 0.893854 0.711056 0.136604 0.173704
2 0.343854 0.161910 0.061042 0.090735
