0 0.437188 0.793019 0.089938 0.215185
0 0.501630 0.208331 0.036594 0.057154
1 0.285521 0.822657 0.115479 0.234944
0 0.465250 0.214426 0.031062 0.054963
1 0.433854 0.212281 0.029937 0.061106
0 0.420521 0.242907 0.043271 0.055185
0 0.106074 0.581667 0.121039 0.171741
0 0.230521 0.398944 0.069937 0.090741
0 0.044931 0.549074 0.087778 0.130259
0 0.638854 0.216241 0.035479 0.049259
0 0.219969 0.347593 0.064375 0.074926
0 0.613854 0.273519 0.038812 0.065074
0 0.654964 0.380185 0.052156 0.092704
0 0.732187 0.324870 0.051042 0.072963
