0 0.438297 0.793815 0.089927 0.216778
0 0.501745 0.208926 0.030156 0.047296
1 0.281854 0.824833 0.115271 0.235333
0 0.026819 0.833324 0.051555 0.253907
0 0.194297 0.492778 0.085927 0.114852
0 0.594297 0.201618 0.029490 0.041357
0 0.643969 0.206157 0.029708 0.044907
0 0.319521 0.367944 0.051479 0.087185
0 0.167521 0.386704 0.070146 0.082037
0 0.276297 0.325667 0.054823 0.087185
0 0.608964 0.259296 0.037490 0.064259
2 0.726964 0.215046 0.092594 0.126685
0 0.367521 0.279046 0.040813 0.065056
0 0.270302 0.259296 0.042375 0.049259
0 0.714073 0.356093 0.059708 0.087185
0 0.635078 0.369324 0.054156 0.087574
0 0.321188 0.267204 0.038375 0.065852
0 0.392745 0.226111 0.029490 0.054000
1 0.349411 0.202407 0.033927 0.070593
0 0.311635 0.213463 0.033042 0.049259
0 0.735078 0.751741 0.110594 0.197407
0 0.909630 0.444583 0.092156 0.092722
0 0.967411 0.937861 0.067260 0.127981
0 0.407635 0.186608 0.023708 0.044524
