0 0.438635 0.796185 0.092375 0.212037
0 0.500854 0.208139 0.030604 0.044907
1 0.284630 0.824426 0.116823 0.235333
0 0.221073 0.425417 0.085708 0.138944
1 0.104522 0.458009 0.089934 0.151981
0 0.657969 0.234806 0.031042 0.053204
0 0.688635 0.202206 0.031042 0.048069
0 0.305297 0.317963 0.047927 0.072556
0 0.624854 0.301565 0.043937 0.061907
0 0.697411 0.302157 0.044594 0.067833
0 0.367297 0.267204 0.034594 0.058741
0 0.272740 0.262454 0.042375 0.054796
0 0.336745 0.239148 0.033927 0.060333
0 0.666297 0.424241 0.065927 0.109704
2 0.850964 0.325269 0.177490 0.218352
0 0.397635 0.216824 0.029042 0.048870
0 0.322745 0.201818 0.029490 0.047291
0 0.872073 0.683991 0.122375 0.176463
0 0.733630 0.727056 0.107260 0.200963
0 0.358302 0.209324 0.026375 0.048870
