0 0.438964 0.791843 0.095260 0.230204
0 0.501630 0.205966 0.029927 0.046106
1 0.285635 0.826407 0.118375 0.243222
0 0.466745 0.213074 0.032594 0.054000
1 0.434635 0.209321 0.033708 0.066246
0 0.404073 0.225713 0.031708 0.050056
0 0.186411 0.422259 0.077260 0.098630
2 0.600297 0.189368 0.042823 0.087969
0 0.687078 0.213074 0.040823 0.054000
0 0.301854 0.306704 0.049479 0.072963
0 0.672187 0.262852 0.041271 0.062704
0 0.635969 0.309870 0.039042 0.068222
0 0.358187 0.234602 0.036375 0.053611
0 0.287521 0.268389 0.046146 0.056370
0 0.782521 0.473815 0.077042 0.118000
0 0.343964 0.212083 0.031927 0.044130
0 0.777187 0.794009 0.133938 0.240870
