0 0.438411 0.797370 0.091927 0.227037
0 0.501078 0.208331 0.033260 0.050043
1 0.284854 0.829167 0.114604 0.235333
0 0.073151 0.822056 0.144219 0.242444
0 0.210078 0.558361 0.097490 0.149611
0 0.285521 0.423046 0.069708 0.103389
1 0.216411 0.374259 0.078156 0.140926
0 0.123965 0.419102 0.079486 0.108130
0 0.595078 0.241722 0.034594 0.057556
0 0.647078 0.201423 0.033260 0.050450
0 0.664078 0.291296 0.045927 0.065852
0 0.345187 0.301370 0.048604 0.068630
0 0.467521 0.213074 0.031938 0.051630
0 0.324187 0.255352 0.043937 0.065852
2 0.852297 0.322306 0.196156 0.229796
0 0.743521 0.454259 0.080375 0.095481
2 0.315740 0.189565 0.073708 0.099426
1 0.428630 0.199442 0.030156 0.058339
0 0.686297 0.547093 0.077927 0.131037
0 0.365187 0.205766 0.032146 0.049654
0 0.951078 0.912185 0.099927 0.179333
