0 0.422745 0.539000 0.065490 0.123519
0 0.547297 0.247444 0.043490 0.052407
1 0.306302 0.622944 0.070375 0.140519
0 0.466521 0.215046 0.026812 0.040574
1 0.477073 0.250602 0.052375 0.072167
0 0.558297 0.332778 0.074823 0.074556
0 0.438854 0.279639 0.044375 0.056759
0 0.152078 0.496528 0.082823 0.117611
0 0.254630 0.432722 0.070156 0.099037
0 0.412740 0.191540 0.026375 0.040957
0 0.428938 0.224444 0.026771 0.043481
0 0.454078 0.198456 0.020156 0.033457
0 0.498854 0.198849 0.032375 0.047672
0 0.236745 0.977565 0.108594 0.048574
