0 0.439411 0.795000 0.092156 0.227037
0 0.501630 0.209324 0.032156 0.051241
1 0.283297 0.828583 0.113260 0.230981
0 0.466630 0.216241 0.028823 0.049259
1 0.434406 0.212281 0.031042 0.061106
0 0.033819 0.779194 0.065555 0.207278
0 0.049375 0.595491 0.096667 0.148019
0 0.214964 0.419694 0.069927 0.100611
0 0.575521 0.184632 0.026604 0.041365
0 0.618854 0.202410 0.028813 0.041365
2 0.133298 0.368333 0.195486 0.270481
0 0.593297 0.244870 0.035490 0.055185
0 0.674411 0.262648 0.046594 0.067037
0 0.400521 0.225130 0.029937 0.055185
0 0.319406 0.252778 0.041042 0.055185
2 0.676635 0.414759 0.097708 0.232963
0 0.872745 0.391056 0.096594 0.102593
0 0.371630 0.207343 0.032156 0.047278
0 0.848854 0.637963 0.117708 0.161852
