0 0.438297 0.792037 0.096594 0.225074
0 0.500521 0.205368 0.034375 0.051228
1 0.281078 0.831546 0.113260 0.236907
0 0.466635 0.213269 0.031042 0.051241
1 0.432745 0.206358 0.032156 0.065061
0 0.407187 0.227102 0.034375 0.051241
0 0.123298 0.517463 0.102153 0.138148
2 0.591073 0.166855 0.037708 0.076920
0 0.660521 0.187590 0.032146 0.051228
0 0.266078 0.355491 0.063260 0.094685
0 0.652745 0.226111 0.036594 0.057148
0 0.609964 0.249815 0.033260 0.053222
0 0.332745 0.264630 0.043260 0.059148
0 0.240521 0.315991 0.054375 0.063093
0 0.722187 0.350556 0.051042 0.088778
0 0.318302 0.237963 0.041042 0.053222
0 0.696635 0.527352 0.077708 0.138148
0 0.825521 0.906852 0.151042 0.190000
0 0.966630 0.893028 0.068823 0.217648
