0 0.437854 0.797370 0.095271 0.220704
0 0.498854 0.210114 0.034604 0.052031
1 0.284745 0.827981 0.111260 0.230593
0 0.155408 0.669370 0.113039 0.174111
0 0.261302 0.472037 0.075042 0.117593
0 0.055151 0.518065 0.108219 0.130648
0 0.624078 0.196873 0.030823 0.046883
0 0.580406 0.201818 0.028375 0.042550
0 0.125186 0.543148 0.097482 0.148407
0 0.317740 0.362611 0.053708 0.083630
1 0.271745 0.307102 0.061260 0.114833
0 0.200187 0.336731 0.057708 0.079278
0 0.608411 0.296231 0.039927 0.068611
0 0.682078 0.238167 0.040156 0.050444
0 0.700078 0.362806 0.053490 0.076130
0 0.369188 0.260481 0.038812 0.058741
0 0.460969 0.214657 0.029042 0.052426
0 0.343964 0.226907 0.035927 0.051630
2 0.910521 0.415148 0.181042 0.308037
0 0.831854 0.634611 0.118813 0.158296
2 0.333302 0.175744 0.067042 0.094698
1 0.426073 0.191546 0.026375 0.055981
0 0.776635 0.846157 0.129708 0.234537
0 0.374302 0.186405 0.029042 0.046487
