0 0.438964 0.795194 0.089927 0.215574
0 0.501188 0.205368 0.033042 0.051228
1 0.282187 0.822065 0.115937 0.232167
0 0.096519 0.731398 0.142816 0.221500
0 0.234411 0.505028 0.086594 0.118796
1 0.089634 0.524380 0.122378 0.206500
0 0.580521 0.188581 0.028146 0.046098
0 0.628297 0.226111 0.034823 0.051630
0 0.300854 0.371694 0.060375 0.087574
0 0.466187 0.212873 0.036375 0.057550
0 0.278411 0.316574 0.058594 0.080074
2 0.752188 0.235395 0.124375 0.149209
0 0.677745 0.311648 0.050594 0.064667
2 0.280188 0.217219 0.095937 0.117598
1 0.432073 0.204775 0.030375 0.066635
0 0.629521 0.345417 0.044813 0.074537
0 0.348964 0.242111 0.036156 0.066259
0 0.788521 0.533861 0.096604 0.128278
0 0.962187 0.902509 0.077708 0.198685
