0 0.436969 0.794806 0.090375 0.236130
0 0.501630 0.207540 0.032156 0.053994
1 0.285411 0.829176 0.113927 0.236130
0 0.466078 0.214648 0.030823 0.056370
1 0.433521 0.206750 0.030146 0.057944
0 0.419630 0.238750 0.040156 0.060315
0 0.057599 0.623546 0.113115 0.166204
0 0.048819 0.529917 0.095555 0.114833
0 0.577411 0.190355 0.028594 0.045698
0 0.614964 0.249222 0.036594 0.059926
0 0.664630 0.203395 0.033260 0.047283
0 0.848187 0.374852 0.085708 0.093111
0 0.388969 0.212287 0.029042 0.050833
0 0.326406 0.208531 0.032375 0.051235
