0 0.578297 0.181664 0.025490 0.041746
0 0.056708 0.961769 0.111333 0.080167
0 0.024486 0.654556 0.046889 0.157889
2 0.176410 0.366954 0.198597 0.285907
0 0.693630 0.224926 0.034823 0.051630
0 0.605521 0.245074 0.034146 0.060333
0 0.439297 0.795991 0.099927 0.229019
0 0.500521 0.208929 0.034375 0.054402
0 0.692969 0.297028 0.047708 0.060722
1 0.757297 0.257722 0.053260 0.077704
0 0.328297 0.363194 0.057490 0.087981
0 0.379740 0.254352 0.040375 0.064667
1 0.271188 0.882157 0.118813 0.239389
0 0.701073 0.448528 0.064375 0.114056
0 0.296188 0.259500 0.033271 0.062296
0 0.356854 0.214460 0.037708 0.067043
1 0.322740 0.205169 0.033042 0.063476
0 0.903187 0.735343 0.134375 0.190685
0 0.930297 0.464130 0.094823 0.100222
