0 0.437745 0.795991 0.088823 0.229019
0 0.500521 0.209318 0.034375 0.055180
1 0.284964 0.828583 0.116594 0.242833
0 0.166073 0.513519 0.101042 0.177667
1 0.045486 0.591546 0.088889 0.223093
0 0.642745 0.206355 0.029927 0.049254
0 0.677187 0.187593 0.023271 0.043333
0 0.280521 0.360426 0.054375 0.084815
0 0.613297 0.260676 0.035490 0.059130
0 0.677188 0.265620 0.036604 0.053204
0 0.356630 0.291296 0.042156 0.061111
0 0.245521 0.292287 0.048813 0.063093
0 0.319406 0.262648 0.041042 0.067037
0 0.643297 0.350556 0.055490 0.088778
2 0.796635 0.279444 0.137708 0.167778
0 0.388854 0.234019 0.031042 0.049259
0 0.308302 0.219204 0.034375 0.043333
0 0.802745 0.537222 0.092156 0.126296
0 0.686630 0.560926 0.082156 0.138148
0 0.347745 0.227102 0.028823 0.051241
0 0.407188 0.198456 0.027708 0.045309
1 0.366078 0.180676 0.029927 0.065056
0 0.337745 0.180676 0.026594 0.041352
