0 0.440406 0.796185 0.101708 0.225444
0 0.502745 0.207343 0.030823 0.052019
1 0.287406 0.824435 0.114375 0.229796
0 0.100410 0.725278 0.139930 0.204519
0 0.253854 0.460185 0.081042 0.107333
0 0.466521 0.214657 0.032604 0.050833
0 0.158411 0.468880 0.094594 0.117611
2 0.678854 0.172975 0.076812 0.101013
0 0.632411 0.226898 0.032823 0.048463
2 0.214297 0.283398 0.137927 0.171722
1 0.432406 0.208333 0.033708 0.068222
0 0.593521 0.235398 0.035042 0.053611
0 0.317854 0.315593 0.050813 0.086000
0 0.681745 0.316583 0.054594 0.069019
0 0.783078 0.434898 0.071490 0.104167
0 0.652073 0.455843 0.070375 0.096278
2 0.875302 0.316389 0.181708 0.249556
0 0.351406 0.218407 0.033042 0.050444
0 0.387078 0.191738 0.026156 0.045302
0 0.815078 0.901713 0.154594 0.200278
