0 0.620635 0.201815 0.028375 0.045704
0 0.615078 0.276093 0.040823 0.064667
2 0.707073 0.234799 0.099042 0.127476
0 0.205854 0.451889 0.081937 0.130259
0 0.343078 0.372685 0.050156 0.087185
0 0.291854 0.316583 0.060146 0.083241
2 0.287521 0.237373 0.104813 0.153957
0 0.775740 0.358065 0.059042 0.081648
0 0.665411 0.437269 0.057927 0.105759
0 0.438521 0.857417 0.097937 0.244426
0 0.500078 0.205571 0.031260 0.054006
0 0.813964 0.532083 0.090156 0.112870
1 0.899297 0.400926 0.097260 0.123148
0 0.398854 0.230259 0.030604 0.054407
0 0.412078 0.184231 0.025490 0.046093
