0 0.436302 0.789074 0.090375 0.212815
0 0.501297 0.206157 0.033260 0.049648
1 0.286297 0.828185 0.121927 0.239667
0 0.466411 0.212287 0.031927 0.059537
1 0.434854 0.205769 0.036375 0.063093
0 0.411521 0.229870 0.036813 0.059926
0 0.090630 0.551046 0.117260 0.144463
0 0.249188 0.379194 0.067271 0.096278
0 0.646964 0.211299 0.032156 0.054402
0 0.605411 0.233019 0.032594 0.057556
0 0.319854 0.283593 0.043271 0.064667
0 0.218745 0.342657 0.061927 0.074537
0 0.705854 0.320139 0.050375 0.078500
0 0.307297 0.249620 0.037260 0.055981
0 0.675969 0.465519 0.069708 0.113259
0 0.781854 0.788870 0.126375 0.230593
0 0.934411 0.738704 0.133260 0.196630
