0 0.591521 0.217611 0.032813 0.050444
2 0.659964 0.188778 0.069260 0.097852
0 0.046597 0.747593 0.091111 0.246000
0 0.253964 0.573370 0.086156 0.151963
0 0.177297 0.442407 0.088823 0.118407
2 0.242630 0.281021 0.138594 0.198587
0 0.728073 0.280231 0.049042 0.069796
0 0.629964 0.317370 0.045260 0.081667
0 0.439740 0.807843 0.099042 0.229796
0 0.502521 0.206160 0.034813 0.053606
0 0.741411 0.385519 0.064156 0.088370
1 0.816411 0.316778 0.069260 0.103370
0 0.374302 0.280231 0.045042 0.067426
0 0.399521 0.208731 0.031042 0.054796
1 0.248964 0.928778 0.133490 0.146148
0 0.757745 0.686352 0.099927 0.182000
0 0.321078 0.222556 0.027490 0.050037
0 0.369630 0.192531 0.031260 0.052420
