2 0.045597 0.570009 0.089111 0.303278
0 0.438521 0.795981 0.092604 0.221111
0 0.501521 0.209321 0.034604 0.052024
0 0.208078 0.556380 0.094823 0.175685
1 0.282297 0.826806 0.116594 0.244019
0 0.643854 0.233815 0.032604 0.054407
0 0.164630 0.457620 0.069260 0.107722
0 0.297187 0.304130 0.055271 0.095481
1 0.226188 0.311639 0.056813 0.091537
0 0.701187 0.316185 0.043708 0.070593
0 0.732635 0.251398 0.040375 0.053204
0 0.346745 0.247250 0.033490 0.054389
0 0.675078 0.469667 0.069260 0.104963
0 0.784635 0.479546 0.077708 0.108130
0 0.389745 0.219398 0.031490 0.048463
0 0.318635 0.212481 0.032375 0.046481
0 0.364964 0.199244 0.028594 0.051624
0 0.777745 0.781176 0.138594 0.246796
2 0.947630 0.451889 0.106823 0.247185
0 0.412297 0.184632 0.025490 0.043735
