0 0.434854 0.798556 0.093271 0.215963
0 0.500188 0.209521 0.033271 0.055587
1 0.282411 0.831537 0.113260 0.237704
0 0.138408 0.698407 0.121705 0.187148
0 0.252302 0.491593 0.077042 0.121148
0 0.042153 0.558361 0.082222 0.151981
0 0.620078 0.190355 0.029490 0.045698
0 0.579073 0.194706 0.028375 0.044920
0 0.088186 0.599444 0.112816 0.170926
0 0.311073 0.378611 0.057708 0.087185
1 0.260745 0.321324 0.063260 0.117204
0 0.185521 0.352731 0.063042 0.085204
0 0.605078 0.283194 0.038594 0.066241
0 0.673411 0.231056 0.040156 0.052815
0 0.691411 0.345620 0.050823 0.077315
0 0.364521 0.269963 0.040146 0.058741
0 0.462302 0.216435 0.029042 0.051241
0 0.339630 0.234019 0.036594 0.054000
2 0.901854 0.400333 0.198375 0.309222
0 0.808188 0.584833 0.107479 0.134593
2 0.329635 0.178114 0.069042 0.097069
1 0.426073 0.196287 0.029042 0.058352
0 0.750302 0.762009 0.115708 0.206093
0 0.371969 0.191738 0.031042 0.042931
