0 0.439188 0.795981 0.091708 0.228222
0 0.500854 0.206951 0.029708 0.044913
1 0.285297 0.825620 0.121260 0.241648
0 0.055375 0.755500 0.108667 0.298148
0 0.222297 0.451694 0.077490 0.102981
0 0.598302 0.214852 0.030375 0.045704
0 0.651854 0.215250 0.031708 0.048870
0 0.331521 0.343843 0.047938 0.076130
0 0.192854 0.355889 0.059937 0.079667
0 0.292964 0.303148 0.048594 0.080852
0 0.616188 0.277074 0.042604 0.069000
2 0.740964 0.227886 0.103260 0.136561
0 0.374188 0.265620 0.037708 0.064278
0 0.280630 0.247843 0.041260 0.052426
0 0.731630 0.387889 0.064594 0.095481
0 0.642411 0.403500 0.059490 0.094296
0 0.330854 0.253176 0.038146 0.065463
0 0.396740 0.218611 0.031708 0.056370
1 0.354297 0.194108 0.033927 0.076117
0 0.316302 0.202410 0.029042 0.048476
0 0.781188 0.876380 0.142375 0.220722
0 0.950521 0.497324 0.101042 0.106537
