0 0.438302 0.793815 0.093042 0.224667
0 0.501521 0.207942 0.036813 0.054006
1 0.281740 0.825620 0.120375 0.240870
0 0.114074 0.597861 0.130372 0.216759
0 0.635188 0.193719 0.026812 0.042154
0 0.256964 0.395398 0.062823 0.089944
0 0.605969 0.239148 0.033708 0.052407
0 0.664630 0.241315 0.033260 0.050444
0 0.346740 0.314602 0.042375 0.069796
0 0.225854 0.318750 0.054375 0.074944
0 0.309078 0.279444 0.043490 0.073741
0 0.629740 0.314019 0.049708 0.081259
2 0.769297 0.256531 0.122594 0.151976
0 0.382969 0.245472 0.034375 0.055574
0 0.296406 0.230065 0.035042 0.052426
0 0.764635 0.460778 0.079042 0.120370
0 0.664854 0.480130 0.070146 0.118000
0 0.341073 0.236185 0.035042 0.055185
0 0.401073 0.205769 0.027042 0.048870
1 0.361854 0.185025 0.031708 0.065061
0 0.331078 0.191540 0.029260 0.045698
