0 0.437969 0.796185 0.093708 0.226259
0 0.500188 0.209321 0.033271 0.052024
1 0.282630 0.826796 0.118156 0.242444
0 0.203740 0.450898 0.087042 0.147241
1 0.079189 0.491194 0.099268 0.161463
0 0.652635 0.226509 0.031042 0.053204
0 0.684635 0.195688 0.027042 0.044513
0 0.297630 0.331000 0.051260 0.077296
0 0.621188 0.287343 0.041937 0.061907
0 0.689411 0.288528 0.043260 0.061907
0 0.363964 0.273722 0.035927 0.059926
0 0.264740 0.271343 0.042375 0.055981
0 0.331411 0.245074 0.032594 0.060333
0 0.655964 0.394611 0.058594 0.097852
2 0.829630 0.307491 0.162823 0.199389
0 0.394635 0.223935 0.029708 0.051241
0 0.318078 0.207151 0.030823 0.048476
0 0.844073 0.630657 0.109042 0.152759
0 0.716297 0.662463 0.099260 0.178444
0 0.355302 0.216435 0.031042 0.051241
