0 0.438745 0.798361 0.088156 0.217167
0 0.500854 0.210701 0.031042 0.052413
1 0.282854 0.827593 0.110604 0.237704
0 0.020819 0.899889 0.039555 0.154741
0 0.181964 0.568037 0.109260 0.149222
0 0.465964 0.218806 0.029260 0.054389
0 0.025042 0.670750 0.048000 0.143685
0 0.606969 0.185021 0.026375 0.039772
2 0.126408 0.378602 0.207039 0.272870
1 0.432078 0.212281 0.033927 0.058735
0 0.575854 0.189568 0.026812 0.039383
0 0.277854 0.388870 0.063708 0.106148
0 0.640188 0.243889 0.037708 0.051630
0 0.703411 0.296824 0.047260 0.064278
0 0.603854 0.300583 0.041479 0.065463
2 0.760630 0.233028 0.111927 0.172130
0 0.316188 0.270157 0.044375 0.067833
0 0.361964 0.223935 0.035490 0.053611
0 0.673078 0.489426 0.073260 0.107333
0 0.826187 0.582259 0.096812 0.134185
2 0.331740 0.176923 0.064375 0.098635
