0 0.439745 0.793611 0.094156 0.225852
0 0.501854 0.207544 0.031708 0.048469
1 0.285187 0.825426 0.114812 0.238889
0 0.466854 0.212090 0.030604 0.055191
1 0.434411 0.206947 0.034594 0.064661
0 0.033486 0.682806 0.064889 0.152759
2 0.044486 0.498704 0.086889 0.259444
0 0.404411 0.226500 0.027927 0.051630
0 0.224188 0.371889 0.067042 0.091926
2 0.610521 0.213466 0.049937 0.106143
0 0.712630 0.237565 0.048823 0.061907
0 0.322854 0.277667 0.044375 0.070185
0 0.691187 0.300972 0.048146 0.073352
0 0.657187 0.379398 0.049479 0.085611
0 0.373297 0.214657 0.031490 0.053204
0 0.314521 0.245472 0.041042 0.053204
0 0.855078 0.624731 0.114156 0.159093
0 0.359521 0.194503 0.028813 0.042143
