0 0.440854 0.797176 0.090604 0.225056
0 0.502521 0.208923 0.031708 0.053598
1 0.283745 0.829574 0.118156 0.237704
0 0.465406 0.215843 0.031708 0.055574
1 0.434411 0.216824 0.033260 0.060722
0 0.049264 0.752130 0.096445 0.225852
0 0.083078 0.549074 0.111490 0.150778
0 0.242078 0.383148 0.062823 0.084407
0 0.580187 0.198262 0.027042 0.042550
0 0.628635 0.219593 0.035042 0.045704
2 0.168297 0.338111 0.168594 0.239296
0 0.600078 0.271352 0.037490 0.055185
0 0.691854 0.294454 0.053042 0.078500
0 0.400521 0.221769 0.029937 0.048463
0 0.332635 0.237176 0.039042 0.053204
2 0.705411 0.497130 0.125927 0.295778
0 0.926297 0.444981 0.111260 0.120370
0 0.378521 0.195694 0.030812 0.045315
0 0.924630 0.809426 0.152823 0.240074
