0 0.438411 0.795991 0.089260 0.206093
0 0.500745 0.209324 0.032156 0.044130
1 0.282854 0.827981 0.119479 0.230593
0 0.138519 0.632426 0.124149 0.178444
0 0.465187 0.216630 0.027708 0.054778
2 0.103266 0.433324 0.204448 0.330944
1 0.431630 0.211694 0.032156 0.063093
0 0.255078 0.423056 0.073260 0.114444
0 0.627964 0.221963 0.031490 0.049667
0 0.683854 0.266009 0.040604 0.057167
0 0.591297 0.263639 0.038156 0.062685
2 0.729521 0.206558 0.090146 0.149217
0 0.296521 0.299194 0.050813 0.073759
0 0.349521 0.240528 0.035479 0.053611
0 0.646073 0.401519 0.057042 0.084815
0 0.768969 0.469667 0.077042 0.097852
2 0.317521 0.192929 0.077271 0.100624
0 0.759188 0.841028 0.125938 0.236130
0 0.958745 0.917324 0.084594 0.169056
