0 0.438297 0.795787 0.092594 0.223870
0 0.501854 0.204775 0.033042 0.050043
1 0.282854 0.822657 0.115937 0.233352
0 0.116519 0.699398 0.136149 0.214389
0 0.244411 0.489620 0.083927 0.116426
1 0.116301 0.493565 0.114378 0.189907
0 0.582854 0.194506 0.030146 0.046098
0 0.634297 0.233815 0.036156 0.057556
0 0.307521 0.361028 0.057708 0.082833
0 0.466854 0.212281 0.036375 0.056365
0 0.286411 0.301759 0.053260 0.069407
2 0.764188 0.243692 0.132375 0.156320
0 0.685411 0.327056 0.052594 0.067037
2 0.286521 0.212479 0.092604 0.110487
1 0.432740 0.204775 0.030375 0.064265
0 0.636521 0.363787 0.048146 0.080463
0 0.351630 0.233815 0.034823 0.063889
0 0.809854 0.576528 0.105938 0.142500
