0 0.440630 0.795796 0.094594 0.224667
0 0.502406 0.208132 0.033708 0.050439
1 0.285078 0.824231 0.116823 0.230204
0 0.020819 0.904241 0.039555 0.154741
0 0.130187 0.669176 0.127042 0.181611
0 0.601411 0.185419 0.025927 0.038198
0 0.262521 0.441426 0.073042 0.108519
0 0.466854 0.214852 0.032375 0.053593
0 0.188297 0.431741 0.083260 0.104963
2 0.689854 0.182855 0.085042 0.104180
0 0.637521 0.237574 0.036813 0.051630
2 0.229297 0.272926 0.128823 0.168963
1 0.434188 0.208731 0.032813 0.061907
0 0.598521 0.250796 0.035708 0.059926
0 0.324740 0.300380 0.047708 0.081648
0 0.695630 0.342852 0.056156 0.070185
0 0.810521 0.488630 0.082812 0.108111
0 0.669969 0.522806 0.077708 0.121167
2 0.902411 0.332380 0.197260 0.244426
0 0.358521 0.212086 0.033042 0.055976
