0 0.598745 0.236185 0.035260 0.053593
2 0.673964 0.203984 0.078156 0.108513
0 0.102411 0.603204 0.118156 0.173704
0 0.297297 0.480139 0.069260 0.119574
0 0.224854 0.386509 0.078604 0.102204
2 0.260854 0.263843 0.128375 0.179241
0 0.744745 0.307685 0.049490 0.074148
0 0.640073 0.353130 0.045042 0.086000
0 0.439521 0.821074 0.102604 0.244407
0 0.501854 0.209516 0.033042 0.054783
0 0.762073 0.429565 0.073042 0.092722
1 0.843854 0.345028 0.078812 0.102204
0 0.384521 0.261861 0.037937 0.060722
0 0.404188 0.199442 0.031479 0.055969
1 0.248411 0.946750 0.137260 0.110204
0 0.796740 0.829176 0.131708 0.236130
0 0.330078 0.213870 0.028156 0.049259
0 0.374854 0.184435 0.028813 0.053611
