0 0.439521 0.789667 0.093708 0.221111
0 0.502078 0.208923 0.031260 0.051228
1 0.284969 0.822259 0.118375 0.240481
0 0.467630 0.213278 0.029490 0.055185
1 0.433964 0.209318 0.034594 0.062291
0 0.406521 0.226704 0.034813 0.057556
0 0.148630 0.477574 0.093260 0.114444
2 0.593078 0.174157 0.041260 0.080463
0 0.670078 0.194704 0.036594 0.055185
0 0.280740 0.333963 0.054375 0.082444
0 0.659854 0.238157 0.036604 0.056759
0 0.621521 0.271352 0.036375 0.059926
0 0.342297 0.252185 0.039260 0.055593
0 0.260411 0.297815 0.054156 0.064667
0 0.742854 0.384139 0.063938 0.091130
0 0.328302 0.226315 0.038375 0.050444
0 0.717187 0.605769 0.094375 0.156722
