0 0.438302 0.794407 0.095708 0.229000
0 0.500964 0.207349 0.031260 0.055191
1 0.283740 0.825222 0.119042 0.242444
0 0.466297 0.210306 0.032594 0.053204
1 0.432411 0.207938 0.032823 0.061902
0 0.419078 0.240333 0.041260 0.057148
0 0.036819 0.720333 0.071555 0.190704
0 0.160297 0.485667 0.087260 0.124333
0 0.618188 0.185818 0.029708 0.046106
0 0.148302 0.421667 0.083708 0.094296
0 0.594854 0.222750 0.033271 0.053611
0 0.633073 0.304130 0.048375 0.069407
0 0.693297 0.251389 0.042594 0.056370
0 0.970187 0.503056 0.061708 0.110889
