0 0.438964 0.792630 0.096594 0.226259
0 0.501521 0.205368 0.033708 0.051228
1 0.283411 0.828583 0.117927 0.240463
0 0.467302 0.212676 0.031042 0.052426
1 0.433745 0.206951 0.034156 0.063876
0 0.408188 0.228287 0.033708 0.053611
0 0.111965 0.528130 0.107486 0.138148
0 0.657854 0.182849 0.032146 0.048857
0 0.260745 0.362602 0.064594 0.094685
0 0.650078 0.221963 0.036594 0.053593
0 0.608297 0.244481 0.033927 0.052037
0 0.328745 0.271741 0.043260 0.061519
0 0.233854 0.324880 0.055708 0.069019
0 0.717187 0.339889 0.051708 0.086407
0 0.314635 0.242111 0.040375 0.056778
0 0.687969 0.505426 0.075042 0.125111
0 0.813187 0.876185 0.149042 0.228222
0 0.955297 0.845769 0.091490 0.227426
