0 0.438521 0.794796 0.090375 0.223481
0 0.501188 0.208139 0.029042 0.044907
1 0.283964 0.826213 0.118594 0.238093
0 0.037042 0.809426 0.072000 0.287481
0 0.203630 0.477769 0.081490 0.110093
0 0.595635 0.205963 0.030375 0.042148
0 0.646521 0.208731 0.030375 0.047685
0 0.323521 0.359843 0.050604 0.082056
0 0.176854 0.375444 0.065271 0.083222
0 0.282297 0.317963 0.052594 0.084407
0 0.611521 0.265815 0.039938 0.065444
2 0.731630 0.218997 0.096594 0.130635
0 0.369854 0.273917 0.039708 0.064278
0 0.273964 0.254954 0.041260 0.050056
0 0.719630 0.366556 0.061927 0.088370
0 0.637745 0.380389 0.056823 0.090741
0 0.324188 0.263250 0.038146 0.066648
0 0.393740 0.223352 0.029708 0.056370
1 0.350630 0.198849 0.031927 0.071376
0 0.313302 0.209519 0.032375 0.048481
0 0.748521 0.794602 0.118375 0.213611
0 0.923854 0.461176 0.099708 0.095870
