0 0.439964 0.795000 0.099490 0.233370
0 0.501521 0.207738 0.030146 0.048857
1 0.287078 0.826009 0.122156 0.232167
0 0.466078 0.214065 0.029927 0.049648
1 0.431854 0.206756 0.030375 0.061117
0 0.420297 0.238361 0.039260 0.057167
0 0.102189 0.558750 0.107934 0.145648
0 0.091967 0.477769 0.096378 0.107722
0 0.584854 0.202213 0.033271 0.046500
0 0.622521 0.271944 0.041042 0.063481
0 0.676411 0.223343 0.037260 0.052426
0 0.906078 0.423056 0.096156 0.102593
0 0.388964 0.207145 0.028156 0.047672
0 0.334521 0.196479 0.027708 0.042931
