0 0.439411 0.798954 0.085490 0.211241
0 0.502188 0.211296 0.031042 0.051222
1 0.278854 0.827593 0.106604 0.232963
0 0.015486 0.916481 0.028889 0.126296
0 0.174964 0.575741 0.109927 0.148037
0 0.466630 0.218213 0.026594 0.053204
0 0.014375 0.675491 0.026667 0.110500
0 0.606635 0.182651 0.024375 0.037402
2 0.112151 0.391046 0.222219 0.288278
1 0.432745 0.212281 0.029927 0.061106
0 0.573854 0.186605 0.025479 0.033457
0 0.273854 0.393019 0.067708 0.114444
0 0.638854 0.240926 0.037708 0.055185
0 0.697745 0.290306 0.046594 0.063093
0 0.600521 0.292287 0.038812 0.063093
2 0.753297 0.227102 0.106594 0.169759
0 0.312188 0.275491 0.044375 0.069019
0 0.358297 0.225120 0.032156 0.051241
0 0.666078 0.465130 0.069927 0.096667
0 0.810521 0.555000 0.085479 0.134185
2 0.331073 0.181664 0.064375 0.098635
0 0.796635 0.975000 0.097708 0.053704
