2 0.117708 0.439444 0.233333 0.377148
0 0.673854 0.194509 0.029937 0.045315
0 0.592745 0.213269 0.029927 0.059130
0 0.438854 0.798954 0.093271 0.223093
0 0.499964 0.208336 0.035490 0.053217
0 0.667745 0.254759 0.039927 0.055185
1 0.727187 0.228083 0.045479 0.069019
0 0.277188 0.450315 0.072146 0.114444
0 0.356630 0.288333 0.046594 0.082852
1 0.276630 0.847352 0.115490 0.256667
0 0.681635 0.356481 0.047708 0.076926
0 0.272188 0.293269 0.039938 0.065056
0 0.344411 0.229074 0.035490 0.063074
1 0.303302 0.224139 0.037708 0.065056
0 0.816073 0.555981 0.094375 0.132222
0 0.854964 0.376231 0.072156 0.076907
0 0.374411 0.200435 0.028823 0.045315
0 0.822740 0.962157 0.134375 0.079389
0 0.976078 0.961176 0.049927 0.081352
