0 0.441078 0.795000 0.093260 0.219148
0 0.501078 0.209324 0.035490 0.051241
0 0.073266 0.813759 0.144448 0.280370
1 0.283854 0.825620 0.114375 0.236907
0 0.636073 0.207343 0.027708 0.047278
0 0.107186 0.563889 0.092149 0.151963
0 0.274969 0.341667 0.067708 0.110481
1 0.186078 0.353519 0.065490 0.110481
0 0.684411 0.277463 0.042156 0.061111
0 0.712745 0.226111 0.036594 0.049259
0 0.333297 0.269574 0.042156 0.061111
0 0.651073 0.385130 0.051042 0.078889
0 0.742745 0.388083 0.063260 0.088759
0 0.383297 0.235991 0.033260 0.057167
0 0.302740 0.228083 0.034375 0.053204
0 0.354964 0.208333 0.025490 0.045296
0 0.718854 0.590556 0.097708 0.161852
2 0.918854 0.412778 0.164375 0.300111
0 0.406630 0.196481 0.028823 0.049259
0 0.340521 0.181669 0.027708 0.035439
0 0.968854 0.944380 0.064375 0.114944
