0 0.436854 0.801324 0.097271 0.213611
0 0.498854 0.212682 0.034146 0.058746
1 0.285073 0.833917 0.117708 0.236130
0 0.119743 0.731194 0.133264 0.203722
0 0.241854 0.509769 0.081042 0.130648
0 0.029042 0.582065 0.056000 0.137759
0 0.616969 0.185222 0.030375 0.048074
0 0.575745 0.187984 0.026156 0.045698
0 0.055708 0.664231 0.109333 0.202537
0 0.303073 0.389667 0.060375 0.087185
1 0.248745 0.337120 0.065927 0.118796
0 0.169297 0.370111 0.066156 0.089963
0 0.602630 0.270556 0.038156 0.063074
0 0.664964 0.222750 0.040156 0.058352
0 0.682521 0.329028 0.047271 0.075722
0 0.358740 0.278259 0.043708 0.067444
0 0.464521 0.216426 0.033479 0.052815
0 0.334745 0.240731 0.036594 0.053204
2 0.895188 0.377417 0.211708 0.282352
0 0.787521 0.543741 0.097271 0.123519
2 0.326073 0.180086 0.069042 0.096272
1 0.426964 0.199046 0.029927 0.059130
0 0.728297 0.690509 0.105490 0.184759
0 0.371302 0.196484 0.029708 0.046106
