0 0.439297 0.795398 0.088823 0.221500
0 0.500078 0.209917 0.031260 0.054796
1 0.284630 0.827000 0.118156 0.234926
0 0.075297 0.700778 0.125260 0.189519
0 0.276187 0.445759 0.063938 0.101407
0 0.056266 0.535833 0.110448 0.141704
0 0.215078 0.403500 0.074156 0.110889
0 0.591078 0.218806 0.032823 0.055981
2 0.692964 0.186806 0.073490 0.105759
0 0.341521 0.329222 0.047938 0.074556
0 0.227187 0.313611 0.053042 0.062296
0 0.674188 0.282204 0.044813 0.068222
0 0.610521 0.290509 0.039708 0.061907
0 0.288630 0.316185 0.048823 0.077704
0 0.375740 0.261074 0.037708 0.059926
1 0.333188 0.225120 0.036146 0.087574
0 0.282521 0.241315 0.036146 0.050444
0 0.666521 0.508574 0.070813 0.113259
0 0.800187 0.345222 0.070604 0.078889
0 0.860630 0.663056 0.121260 0.148815
0 0.398411 0.203201 0.026594 0.049265
0 0.456302 0.196083 0.025042 0.046093
0 0.373854 0.184435 0.024604 0.039389
