0 0.438854 0.795000 0.091479 0.219926
0 0.500740 0.208731 0.031708 0.054796
1 0.284411 0.826407 0.115490 0.229815
0 0.060932 0.734556 0.119781 0.204111
0 0.270854 0.456630 0.065708 0.108926
0 0.050931 0.557176 0.099778 0.151981
0 0.206964 0.414167 0.077490 0.115630
0 0.589630 0.214065 0.032594 0.054389
2 0.689635 0.184429 0.071708 0.104957
0 0.337521 0.334759 0.048813 0.077704
0 0.221745 0.320333 0.051927 0.063889
0 0.669964 0.275491 0.042594 0.064278
0 0.608964 0.283000 0.037490 0.061889
0 0.283969 0.322500 0.048375 0.080074
0 0.373969 0.262454 0.037708 0.059537
1 0.330521 0.228870 0.037042 0.087185
0 0.278964 0.246454 0.037490 0.053611
0 0.661078 0.490407 0.066594 0.107741
0 0.790521 0.335343 0.065479 0.073352
0 0.846297 0.634204 0.113927 0.136963
0 0.397630 0.204386 0.025490 0.049265
0 0.456745 0.198855 0.025490 0.048476
0 0.372406 0.184234 0.024375 0.040569
