0 0.438630 0.795398 0.091490 0.223870
0 0.501854 0.207938 0.033479 0.050050
1 0.284630 0.825019 0.114594 0.231778
0 0.465406 0.213861 0.034375 0.048463
1 0.432302 0.205368 0.033042 0.055969
0 0.418745 0.239148 0.040594 0.057148
0 0.151519 0.523000 0.098149 0.146852
0 0.580302 0.183843 0.025042 0.040574
0 0.258969 0.362019 0.063708 0.077704
0 0.089522 0.490407 0.095934 0.122741
0 0.650740 0.234213 0.035708 0.054389
0 0.248969 0.318361 0.054375 0.072574
0 0.625745 0.298611 0.042594 0.067037
0 0.670964 0.429370 0.061490 0.102593
0 0.759073 0.374648 0.059042 0.082444
