0 0.587745 0.209315 0.031490 0.048074
2 0.651964 0.182454 0.064823 0.094685
0 0.226411 0.631444 0.094156 0.173296
0 0.145074 0.477565 0.096372 0.139722
2 0.234406 0.296824 0.149708 0.211241
0 0.720521 0.267981 0.045479 0.061111
0 0.624406 0.301176 0.040375 0.074537
0 0.440630 0.804287 0.098156 0.224278
0 0.501630 0.205368 0.034823 0.053598
0 0.730964 0.366556 0.060156 0.078889
1 0.804188 0.303741 0.065271 0.093111
0 0.368745 0.292481 0.044594 0.068222
0 0.396188 0.216630 0.032375 0.054778
1 0.254521 0.918509 0.133938 0.166685
0 0.742854 0.632241 0.090604 0.160667
0 0.317964 0.228083 0.027490 0.054796
0 0.367635 0.195294 0.031708 0.054783
1 0.338297 0.183639 0.031260 0.052019
