0 0.633302 0.234019 0.031042 0.049259
0 0.630521 0.317963 0.047708 0.071000
2 0.744411 0.265611 0.119927 0.155926
0 0.261073 0.370306 0.064375 0.092722
0 0.369964 0.315000 0.042156 0.072963
0 0.332745 0.269565 0.043260 0.065056
2 0.306635 0.219197 0.084375 0.134198
0 0.811630 0.415741 0.069927 0.088778
0 0.696635 0.539194 0.071042 0.130241
0 0.437188 0.893028 0.101042 0.217648
0 0.498302 0.203398 0.034375 0.051241
0 0.882745 0.667593 0.116594 0.161852
1 0.956630 0.469074 0.088823 0.136185
0 0.409406 0.210306 0.027708 0.045315
