0 0.594411 0.227102 0.035490 0.047278
2 0.666078 0.195497 0.072156 0.102598
0 0.062708 0.666611 0.123333 0.203333
0 0.274969 0.523398 0.074375 0.134204
0 0.199969 0.412778 0.077708 0.110481
2 0.253854 0.277466 0.138812 0.203328
0 0.736635 0.292287 0.051042 0.070981
0 0.634406 0.331787 0.044375 0.086796
0 0.439964 0.812778 0.093260 0.231000
0 0.502188 0.210308 0.035479 0.057161
0 0.751630 0.405870 0.069927 0.084815
1 0.828297 0.327843 0.072156 0.098648
0 0.379964 0.267593 0.039927 0.065074
0 0.401073 0.202405 0.031042 0.057154
1 0.247188 0.942407 0.132146 0.118889
0 0.773297 0.753519 0.113260 0.219148
0 0.326078 0.216231 0.029927 0.045315
0 0.372745 0.186608 0.029927 0.049265
