0 0.419969 0.521426 0.064375 0.114444
0 0.556630 0.252778 0.048823 0.059148
1 0.306630 0.609324 0.073260 0.148019
0 0.464964 0.216231 0.025490 0.041352
1 0.484964 0.256731 0.056594 0.074944
0 0.577740 0.343639 0.084375 0.082833
0 0.446635 0.287343 0.051042 0.069019
0 0.136634 0.520435 0.091045 0.128278
0 0.242745 0.457222 0.076594 0.112481
0 0.413297 0.194506 0.026594 0.041357
0 0.429964 0.228083 0.028823 0.045315
0 0.453854 0.201419 0.023271 0.039383
0 0.501073 0.200432 0.031042 0.041357
0 0.238854 0.963148 0.115479 0.077407
