0 0.438073 0.794009 0.089042 0.222685
0 0.500521 0.206954 0.032604 0.051241
1 0.282630 0.824824 0.118594 0.239278
0 0.078484 0.761417 0.154885 0.230981
0 0.223073 0.523204 0.092375 0.129852
1 0.067708 0.568630 0.133333 0.225444
0 0.579411 0.185818 0.025927 0.043735
0 0.623188 0.218602 0.035271 0.050833
0 0.293969 0.385519 0.064375 0.091519
0 0.467521 0.215648 0.033708 0.059926
0 0.269297 0.328824 0.058156 0.074537
2 0.740854 0.225127 0.115042 0.142894
0 0.669745 0.299000 0.047927 0.058333
2 0.274854 0.223148 0.098604 0.126296
1 0.432521 0.206753 0.032146 0.064272
0 0.624411 0.325667 0.043490 0.071370
0 0.345187 0.251194 0.037479 0.070204
0 0.767406 0.496333 0.089042 0.116407
0 0.945297 0.840630 0.111490 0.237704
0 0.800302 0.913565 0.147708 0.176574
2 0.969745 0.430954 0.062594 0.245611
0 0.377630 0.181664 0.025927 0.044117
