0 0.438854 0.793620 0.090604 0.221907
0 0.500745 0.206553 0.032594 0.051228
1 0.284297 0.825815 0.120594 0.232556
0 0.030708 0.922852 0.059333 0.158000
0 0.146410 0.655148 0.125264 0.188333
0 0.256854 0.467889 0.079937 0.112481
1 0.148078 0.454648 0.100156 0.176074
0 0.034597 0.544333 0.067111 0.148407
0 0.586073 0.203395 0.030375 0.049654
0 0.641521 0.247046 0.040375 0.057167
0 0.318521 0.344824 0.056146 0.077315
0 0.467302 0.212676 0.033708 0.060315
0 0.299411 0.286954 0.048156 0.065056
2 0.785411 0.258901 0.144156 0.173309
0 0.698969 0.353907 0.057042 0.071778
2 0.295521 0.204577 0.086146 0.114439
1 0.430521 0.202407 0.029937 0.061111
0 0.646411 0.403889 0.055490 0.084815
0 0.355521 0.225519 0.035042 0.059148
0 0.846745 0.655537 0.129490 0.174889
