0 0.437854 0.795796 0.095708 0.227037
0 0.501969 0.207935 0.029708 0.046093
1 0.286187 0.825611 0.121271 0.235333
0 0.466188 0.214259 0.032813 0.057148
1 0.433297 0.208336 0.034594 0.069809
0 0.061599 0.620778 0.121115 0.157519
2 0.066708 0.477769 0.131333 0.296574
0 0.632297 0.187000 0.033490 0.049259
0 0.403521 0.225907 0.031042 0.057556
0 0.253521 0.334954 0.061271 0.077315
2 0.620854 0.241321 0.055938 0.120765
0 0.737411 0.264037 0.053490 0.065852
0 0.336297 0.257907 0.041490 0.062296
0 0.712078 0.344630 0.056594 0.082444
0 0.681411 0.458019 0.064594 0.103778
0 0.383188 0.202803 0.028604 0.043728
0 0.332188 0.227685 0.036813 0.049259
0 0.936188 0.835102 0.129708 0.231389
0 0.369964 0.184632 0.027490 0.036624
