0 0.439073 0.796583 0.095042 0.223870
0 0.502302 0.211294 0.031708 0.053598
1 0.283630 0.832139 0.117927 0.242833
0 0.466188 0.215843 0.033271 0.057167
1 0.435740 0.215639 0.035042 0.060722
0 0.072932 0.679843 0.143781 0.214796
0 0.634521 0.185818 0.027271 0.041365
0 0.140743 0.484685 0.099264 0.126296
0 0.268521 0.347981 0.056146 0.076519
0 0.585635 0.219787 0.031708 0.050056
0 0.644188 0.245667 0.040813 0.054407
2 0.207630 0.298806 0.141927 0.201759
0 0.610740 0.313620 0.041042 0.070981
0 0.716521 0.346009 0.061479 0.086796
0 0.399964 0.218213 0.027490 0.047685
0 0.343964 0.219398 0.034594 0.046093
2 0.760635 0.661074 0.180375 0.435630
0 0.977630 0.511741 0.046823 0.107741
0 0.389521 0.188185 0.028813 0.049259
