0 0.600078 0.242704 0.037927 0.054778
2 0.677630 0.208725 0.082823 0.108513
0 0.121411 0.572981 0.109490 0.155926
0 0.304297 0.459991 0.067260 0.105352
0 0.236188 0.375843 0.074604 0.095093
2 0.265187 0.258509 0.123708 0.166204
0 0.749078 0.312426 0.051490 0.071778
0 0.643740 0.360833 0.047042 0.089556
0 0.438188 0.825222 0.097271 0.231370
0 0.500854 0.210108 0.032375 0.053598
0 0.768406 0.441417 0.072375 0.092722
1 0.850521 0.352139 0.078812 0.106944
0 0.386521 0.256528 0.035271 0.059537
0 0.405187 0.196479 0.029479 0.052413
1 0.248745 0.953861 0.132594 0.095981
0 0.810406 0.863546 0.140375 0.233759
0 0.330411 0.209722 0.026156 0.043333
0 0.376188 0.183843 0.028813 0.054796
