0 0.440078 0.796972 0.096594 0.228611
0 0.501078 0.207540 0.033260 0.049254
1 0.284964 0.827787 0.115260 0.234944
0 0.070151 0.842407 0.138219 0.252333
0 0.204078 0.566648 0.100594 0.148815
0 0.283297 0.427787 0.071490 0.099426
1 0.209630 0.382750 0.079260 0.142093
0 0.112188 0.431741 0.083042 0.114444
0 0.594297 0.236778 0.033927 0.057148
0 0.644745 0.197667 0.031260 0.046889
0 0.660964 0.284583 0.045490 0.065056
0 0.341740 0.307093 0.049708 0.070593
0 0.466854 0.212880 0.031938 0.053611
0 0.321740 0.259491 0.045708 0.066241
2 0.843854 0.313417 0.188604 0.220722
0 0.736187 0.438657 0.077271 0.090352
2 0.313745 0.188778 0.074594 0.100222
1 0.429078 0.199442 0.031490 0.060709
0 0.681630 0.524583 0.074823 0.123130
0 0.364297 0.207145 0.032594 0.052413
0 0.942964 0.891250 0.116156 0.221204
