0 0.642078 0.253370 0.033490 0.060333
0 0.639854 0.349176 0.053937 0.082833
2 0.765635 0.286944 0.133042 0.163037
0 0.283406 0.343639 0.058375 0.089944
0 0.380187 0.292880 0.041708 0.067426
0 0.343745 0.255935 0.040823 0.063093
2 0.308630 0.212287 0.081260 0.133019
0 0.831630 0.450306 0.078823 0.108907
0 0.713078 0.607343 0.077260 0.154352
0 0.437073 0.909417 0.092375 0.184870
0 0.495630 0.201417 0.028594 0.047278
0 0.921078 0.768333 0.130156 0.198185
1 0.972854 0.499296 0.056375 0.121556
0 0.411411 0.203790 0.028156 0.051235
