0 0.439745 0.797167 0.094156 0.221111
0 0.502521 0.207544 0.030375 0.053209
1 0.283854 0.827204 0.116146 0.240074
0 0.467521 0.212090 0.031938 0.055191
1 0.434078 0.207540 0.032594 0.065846
0 0.042153 0.668583 0.082222 0.174093
2 0.055484 0.486852 0.108885 0.271296
0 0.404078 0.226500 0.028594 0.056370
0 0.236521 0.354111 0.065042 0.084815
2 0.614854 0.222947 0.050604 0.110883
0 0.721297 0.248824 0.050156 0.063093
0 0.329187 0.268778 0.042375 0.064259
0 0.699188 0.318750 0.050813 0.075722
0 0.665521 0.406065 0.055479 0.089167
0 0.377297 0.208729 0.031490 0.053209
0 0.321854 0.237176 0.041042 0.053204
0 0.888745 0.694657 0.129490 0.185167
0 0.364187 0.189762 0.028813 0.044513
