0 0.435854 0.793019 0.086375 0.215185
0 0.500630 0.208929 0.031927 0.049661
1 0.284635 0.827981 0.119042 0.240074
0 0.064042 0.820278 0.126000 0.250741
0 0.229073 0.501074 0.088375 0.123519
0 0.466969 0.214657 0.031708 0.054796
0 0.092856 0.551250 0.119934 0.147241
2 0.661854 0.158756 0.065479 0.095487
0 0.620745 0.205766 0.032156 0.042543
2 0.181964 0.319148 0.155490 0.211630
1 0.433073 0.211491 0.035042 0.069796
0 0.585187 0.215843 0.030812 0.046093
0 0.302854 0.344231 0.053271 0.091130
0 0.661521 0.282213 0.047479 0.062685
0 0.745521 0.359046 0.061708 0.073352
0 0.628188 0.375250 0.054146 0.085204
2 0.821411 0.274306 0.151260 0.207278
0 0.339521 0.238750 0.034604 0.055574
0 0.378964 0.206553 0.029490 0.044117
0 0.735188 0.686944 0.109042 0.176074
0 0.938188 0.847148 0.125708 0.247593
