0 0.437411 0.796972 0.093490 0.223093
0 0.499302 0.208139 0.031042 0.051241
1 0.284521 0.827194 0.109042 0.232167
0 0.173411 0.640926 0.101927 0.167778
0 0.026153 0.686944 0.050222 0.133407
0 0.272411 0.453472 0.071490 0.108907
0 0.084634 0.483296 0.099045 0.118000
0 0.627630 0.202405 0.033490 0.050043
0 0.584187 0.208528 0.029708 0.046500
0 0.157188 0.495343 0.082375 0.122352
0 0.327073 0.348778 0.051042 0.081259
1 0.281740 0.295250 0.056375 0.110093
0 0.211521 0.320528 0.051937 0.072167
0 0.612187 0.309667 0.041271 0.070185
0 0.691406 0.244083 0.041042 0.054389
0 0.710297 0.381370 0.060594 0.083222
0 0.374521 0.255343 0.037937 0.059537
0 0.461854 0.211102 0.029042 0.050056
0 0.348635 0.220972 0.031042 0.046093
2 0.917188 0.417120 0.167708 0.297759
0 0.860740 0.685176 0.135708 0.185167
2 0.336188 0.168234 0.061271 0.089161
1 0.425635 0.187991 0.026375 0.058352
0 0.805521 0.906454 0.143937 0.190796
0 0.376964 0.180481 0.029927 0.040963
