0 0.434521 0.643694 0.072604 0.151981
0 0.517630 0.230065 0.036156 0.052426
1 0.297411 0.717963 0.088594 0.182778
0 0.463187 0.218213 0.029479 0.052426
1 0.449964 0.236185 0.042594 0.065444
0 0.490521 0.294648 0.064146 0.062296
0 0.412854 0.253565 0.038146 0.054389
0 0.027042 0.852685 0.052000 0.210444
0 0.209630 0.408435 0.066823 0.091537
0 0.293411 0.341667 0.050823 0.073370
0 0.410740 0.189176 0.023708 0.039389
0 0.429036 0.215796 0.031906 0.045296
0 0.453630 0.196086 0.024594 0.028717
0 0.489964 0.193914 0.029260 0.044913
