0 0.439078 0.791639 0.095490 0.225056
0 0.502073 0.209910 0.033042 0.051624
1 0.284964 0.823843 0.116156 0.240463
0 0.467078 0.211694 0.030156 0.055981
1 0.434854 0.206556 0.032813 0.062296
0 0.025708 0.698213 0.049333 0.136167
2 0.033153 0.499491 0.064222 0.226241
0 0.404411 0.226898 0.030594 0.057167
0 0.211521 0.386907 0.071042 0.091926
2 0.606964 0.204775 0.045490 0.099820
0 0.703745 0.230065 0.045260 0.059537
0 0.316630 0.286750 0.047927 0.070981
0 0.683854 0.286361 0.045937 0.067833
0 0.649188 0.352926 0.045042 0.078481
0 0.368188 0.220185 0.033708 0.054778
0 0.306521 0.254167 0.041042 0.056370
0 0.824411 0.563889 0.095490 0.133815
0 0.353740 0.201219 0.029708 0.047672
0 0.833187 0.929176 0.133938 0.145352
