0 0.619073 0.198062 0.028375 0.046098
0 0.612635 0.268972 0.040375 0.063093
2 0.701521 0.228481 0.096812 0.122741
0 0.195302 0.469074 0.084375 0.133815
0 0.337521 0.384722 0.051479 0.086000
0 0.283406 0.325463 0.061042 0.086000
2 0.284073 0.242308 0.109042 0.159087
0 0.771969 0.351148 0.057708 0.080481
0 0.661521 0.423241 0.057708 0.101407
0 0.438078 0.850898 0.097490 0.244019
0 0.500411 0.206157 0.032823 0.056759
0 0.805411 0.513324 0.085490 0.106944
1 0.888964 0.389667 0.093927 0.117222
0 0.397188 0.234407 0.032146 0.054778
0 0.411297 0.186012 0.026594 0.046494
1 0.239302 0.979343 0.104375 0.045019
0 0.847854 0.971046 0.108604 0.061611
