2 0.088375 0.516093 0.174667 0.378741
0 0.439073 0.799741 0.096375 0.227037
0 0.500521 0.208528 0.033937 0.052019
0 0.640411 0.206355 0.031927 0.046883
1 0.692964 0.192731 0.035260 0.060722
0 0.108186 0.778407 0.139482 0.246000
0 0.298073 0.393620 0.067708 0.116426
1 0.282630 0.828185 0.118594 0.238889
0 0.659740 0.277472 0.039042 0.066648
0 0.220078 0.371102 0.053927 0.092722
0 0.320411 0.265815 0.046594 0.076519
1 0.264188 0.265019 0.047042 0.078889
0 0.736187 0.388287 0.059479 0.092315
0 0.772073 0.292676 0.050375 0.061500
0 0.360188 0.223935 0.032375 0.048870
0 0.724078 0.639148 0.096594 0.156333
0 0.864630 0.651796 0.112823 0.159481
0 0.399854 0.201417 0.027708 0.042537
0 0.337635 0.190355 0.029042 0.048069
0 0.375073 0.180877 0.028375 0.044913
