0 0.438745 0.798556 0.091260 0.227037
0 0.501078 0.208331 0.033260 0.052413
1 0.284521 0.830944 0.115271 0.236519
0 0.076151 0.802500 0.150219 0.229407
0 0.218745 0.547694 0.093490 0.142500
0 0.288854 0.418306 0.065708 0.105759
1 0.224078 0.365370 0.076156 0.137370
0 0.135965 0.408435 0.078153 0.101019
0 0.595411 0.247056 0.035260 0.058741
0 0.650078 0.204386 0.036594 0.054006
0 0.668078 0.297222 0.047260 0.068222
0 0.347521 0.296037 0.047938 0.067444
0 0.466854 0.212481 0.034604 0.052815
0 0.326854 0.251204 0.042604 0.062296
2 0.860964 0.332380 0.201490 0.238093
0 0.750854 0.469074 0.081708 0.103778
2 0.319740 0.189565 0.075042 0.101796
1 0.427964 0.199442 0.027490 0.055969
0 0.693630 0.570796 0.081927 0.133407
0 0.365854 0.203988 0.032146 0.050839
0 0.959411 0.937074 0.083260 0.129556
