0 0.438521 0.797759 0.087271 0.231778
0 0.501188 0.208136 0.029937 0.047283
1 0.283406 0.826213 0.110375 0.240463
0 0.095743 0.693472 0.142597 0.200167
0 0.466187 0.211296 0.026604 0.052815
2 0.086932 0.460972 0.171781 0.335685
1 0.433078 0.209516 0.029260 0.059524
0 0.233411 0.454056 0.084156 0.125111
0 0.620854 0.202602 0.032813 0.044907
0 0.668964 0.242509 0.037490 0.054389
0 0.584630 0.238556 0.031927 0.056778
2 0.708073 0.190556 0.077042 0.139333
0 0.276521 0.320537 0.054375 0.080074
0 0.337969 0.256528 0.039042 0.057167
0 0.630854 0.346407 0.051479 0.080481
0 0.733740 0.402898 0.064375 0.089167
2 0.301187 0.202012 0.082375 0.121161
0 0.706302 0.659889 0.094375 0.170926
0 0.923964 0.775639 0.154156 0.253907
