0 0.439630 0.795593 0.092156 0.210037
0 0.502188 0.207352 0.028813 0.043333
1 0.284969 0.826019 0.118375 0.235333
0 0.625854 0.184037 0.027271 0.043333
0 0.018819 0.793028 0.035555 0.173315
0 0.228740 0.413565 0.082375 0.131833
1 0.116630 0.442806 0.086594 0.146833
0 0.659854 0.239148 0.031708 0.054000
0 0.690740 0.203988 0.030375 0.046098
0 0.308745 0.311843 0.045927 0.069019
0 0.626521 0.309861 0.044604 0.066648
0 0.701745 0.309269 0.046156 0.070981
0 0.369521 0.263843 0.033271 0.056759
0 0.275969 0.258111 0.041708 0.056370
0 0.338521 0.236380 0.034375 0.059537
0 0.670745 0.439648 0.068594 0.114444
2 0.861745 0.336333 0.186594 0.228630
0 0.399302 0.214648 0.029708 0.046889
0 0.324630 0.198657 0.030156 0.046500
0 0.888297 0.712630 0.130823 0.191074
0 0.744854 0.764380 0.114146 0.214796
0 0.361302 0.204778 0.025708 0.046889
