0 0.438302 0.792630 0.093042 0.223074
0 0.500630 0.207349 0.031927 0.055191
1 0.285073 0.824037 0.116375 0.235333
0 0.465297 0.210306 0.030594 0.053204
1 0.431411 0.206753 0.034823 0.064272
0 0.418078 0.241519 0.041927 0.057148
0 0.044153 0.703741 0.086222 0.200185
0 0.169630 0.470259 0.085927 0.112481
0 0.621188 0.189373 0.029042 0.048476
0 0.159969 0.409815 0.081708 0.087185
0 0.596187 0.230454 0.033271 0.054796
0 0.635740 0.313019 0.047042 0.070593
0 0.698297 0.259093 0.040594 0.059926
0 0.979187 0.510167 0.043708 0.094296
