2 0.032931 0.588972 0.063778 0.284315
0 0.437854 0.792426 0.089938 0.218741
0 0.502521 0.208729 0.032604 0.050839
0 0.171745 0.623343 0.111490 0.195833
1 0.281297 0.827991 0.118594 0.239278
0 0.641187 0.223741 0.032604 0.053222
0 0.147964 0.487843 0.071927 0.120759
0 0.289521 0.317167 0.055938 0.095481
1 0.214521 0.325861 0.060146 0.098648
0 0.694854 0.305519 0.045708 0.065852
0 0.723969 0.242509 0.040375 0.054389
0 0.342745 0.253769 0.037490 0.062685
0 0.667411 0.440037 0.063260 0.102593
0 0.768302 0.445176 0.069042 0.110500
0 0.387411 0.225324 0.029490 0.048463
0 0.313969 0.216037 0.031042 0.046481
0 0.362297 0.202799 0.031260 0.056365
0 0.756078 0.708287 0.121927 0.217167
2 0.936630 0.444185 0.128823 0.274444
0 0.410297 0.186410 0.028156 0.044920
