0 0.596745 0.231250 0.034823 0.050833
2 0.670078 0.199645 0.074823 0.106154
0 0.083854 0.634611 0.119708 0.189111
0 0.286969 0.501472 0.071708 0.128278
0 0.212635 0.399148 0.079042 0.106926
2 0.257188 0.270355 0.133479 0.191476
0 0.740635 0.300583 0.049708 0.073352
0 0.637073 0.343046 0.044375 0.085611
0 0.439964 0.816926 0.099927 0.241667
0 0.502188 0.209716 0.034146 0.055976
0 0.756630 0.417722 0.071927 0.089556
1 0.836297 0.336731 0.076156 0.099833
0 0.382297 0.265222 0.039260 0.062704
0 0.402740 0.201219 0.031708 0.057154
1 0.247854 0.943593 0.136146 0.116519
0 0.784630 0.792037 0.122594 0.229815
0 0.328411 0.215639 0.029260 0.048870
0 0.373745 0.185423 0.029260 0.051635
