0 0.579964 0.184627 0.028823 0.042931
0 0.068708 0.930954 0.135333 0.141796
0 0.033153 0.648037 0.064222 0.187519
2 0.184077 0.350954 0.191264 0.261019
0 0.696297 0.230259 0.036156 0.052815
0 0.607188 0.248630 0.033479 0.057963
0 0.438964 0.795991 0.096594 0.229019
0 0.500521 0.207744 0.034375 0.052031
0 0.696969 0.305324 0.047708 0.065463
1 0.762630 0.263648 0.053260 0.080074
0 0.333297 0.353713 0.056823 0.085611
0 0.380740 0.250204 0.038375 0.063481
1 0.271521 0.885120 0.115479 0.233463
0 0.704406 0.463935 0.064375 0.118796
0 0.298188 0.255944 0.033271 0.059926
0 0.357521 0.212090 0.037708 0.067043
1 0.324406 0.201614 0.032375 0.058735
0 0.925854 0.769713 0.150375 0.212019
0 0.947964 0.475981 0.106156 0.104963
