0 0.436078 0.802898 0.096594 0.219130
0 0.499411 0.209324 0.032156 0.051241
1 0.286073 0.825611 0.121042 0.232963
0 0.101632 0.768333 0.138820 0.221111
0 0.228854 0.529315 0.086604 0.138148
0 0.013264 0.590556 0.024445 0.063074
0 0.614964 0.180676 0.025490 0.041352
0 0.575521 0.182655 0.024375 0.041357
0 0.033264 0.721907 0.064445 0.203333
0 0.294964 0.404880 0.063260 0.098648
1 0.238297 0.353519 0.072156 0.126296
0 0.152740 0.390065 0.067708 0.100611
0 0.597745 0.259685 0.035490 0.061111
0 0.657740 0.215250 0.037708 0.051241
0 0.674411 0.313028 0.048823 0.065056
0 0.354411 0.288333 0.046594 0.067037
0 0.464406 0.221176 0.031042 0.059130
0 0.331078 0.245861 0.039927 0.053204
2 0.887745 0.359444 0.226594 0.268519
0 0.766078 0.502657 0.089927 0.112463
2 0.322188 0.186605 0.071042 0.104569
1 0.428297 0.202410 0.029927 0.065069
0 0.710521 0.627093 0.094375 0.155926
0 0.368297 0.200435 0.032156 0.057167
