0 0.438078 0.792037 0.096156 0.218741
0 0.501188 0.206157 0.029042 0.047278
1 0.283302 0.823639 0.117708 0.238500
0 0.465297 0.211299 0.030156 0.056772
1 0.432969 0.206355 0.030375 0.058735
0 0.418964 0.239343 0.037927 0.052019
0 0.034153 0.675093 0.066222 0.150000
0 0.026264 0.568037 0.050445 0.087593
0 0.573854 0.178111 0.027271 0.043333
0 0.609964 0.227296 0.032823 0.053222
0 0.655188 0.189373 0.031271 0.043735
0 0.803302 0.333565 0.073708 0.080870
0 0.390745 0.212083 0.028594 0.048870
0 0.315188 0.219593 0.034375 0.048074
