0 0.635635 0.239944 0.033042 0.054000
0 0.633188 0.328630 0.047708 0.073370
2 0.750745 0.272722 0.124594 0.158296
0 0.269406 0.361417 0.062375 0.093907
0 0.373964 0.307889 0.040823 0.070593
0 0.336411 0.266602 0.041260 0.068611
2 0.307302 0.215049 0.085708 0.135383
0 0.818297 0.424630 0.069927 0.092333
0 0.701969 0.558750 0.071042 0.136167
0 0.436854 0.897176 0.101708 0.209352
0 0.496969 0.202213 0.030375 0.048870
0 0.895078 0.697222 0.122594 0.171333
1 0.962630 0.481519 0.076823 0.144481
0 0.410073 0.207345 0.029042 0.048865
