0 0.438964 0.793426 0.091260 0.217556
0 0.501521 0.207343 0.031479 0.047278
1 0.285854 0.826019 0.114375 0.237704
0 0.174302 0.529917 0.093042 0.125907
0 0.590297 0.196481 0.026823 0.042148
0 0.638635 0.196284 0.027042 0.042543
0 0.310630 0.382954 0.053260 0.088759
0 0.147964 0.412380 0.079927 0.087574
0 0.265630 0.337120 0.057490 0.087981
0 0.603854 0.248241 0.035271 0.065852
2 0.718078 0.207540 0.084594 0.117994
0 0.362187 0.288926 0.039938 0.064259
0 0.259854 0.268778 0.042813 0.050852
0 0.702745 0.335935 0.053927 0.083241
0 0.627073 0.349176 0.049708 0.077315
0 0.315188 0.276287 0.040604 0.069796
0 0.389188 0.236380 0.030375 0.057167
1 0.346302 0.205568 0.035708 0.078494
0 0.303187 0.220574 0.032146 0.049259
0 0.714854 0.682204 0.100375 0.168963
0 0.878740 0.418111 0.086375 0.090333
0 0.948078 0.900333 0.105927 0.203037
0 0.405406 0.188975 0.026375 0.042939
