2 0.024931 0.600630 0.047778 0.269704
0 0.436964 0.792824 0.088594 0.214796
0 0.502745 0.207744 0.032156 0.052031
0 0.148967 0.662065 0.121045 0.213204
1 0.281964 0.827204 0.119490 0.235333
0 0.640188 0.218602 0.031938 0.050056
0 0.137856 0.503833 0.073934 0.127481
0 0.285297 0.321917 0.056823 0.096278
1 0.208078 0.333769 0.061490 0.104167
0 0.691411 0.298611 0.045927 0.064667
0 0.719854 0.237565 0.039271 0.054796
0 0.340969 0.257324 0.038375 0.065056
0 0.663521 0.425815 0.060375 0.101000
0 0.761297 0.427593 0.064823 0.107741
0 0.385745 0.228093 0.027927 0.049259
0 0.311411 0.218407 0.031260 0.047296
0 0.360964 0.204775 0.033490 0.059524
0 0.747521 0.675296 0.118146 0.204926
2 0.931078 0.438852 0.139927 0.285889
0 0.409411 0.188382 0.029490 0.046494
