0 0.437411 0.794611 0.089490 0.217556
0 0.501078 0.206358 0.035490 0.053209
1 0.285078 0.824630 0.111490 0.231778
0 0.230411 0.533861 0.078594 0.130648
0 0.124967 0.515491 0.101045 0.155537
0 0.582521 0.188188 0.029937 0.048476
2 0.670964 0.164287 0.061490 0.089167
0 0.310078 0.386704 0.060594 0.092333
0 0.172521 0.377417 0.070375 0.076907
0 0.647297 0.235194 0.037260 0.055574
0 0.595078 0.239944 0.031490 0.054000
0 0.240854 0.382157 0.057708 0.093500
0 0.356078 0.295250 0.044594 0.064278
1 0.311969 0.254167 0.045708 0.094296
0 0.252406 0.273907 0.047042 0.063481
0 0.632521 0.386111 0.050813 0.082444
0 0.737521 0.283796 0.052813 0.058741
0 0.768854 0.487444 0.082604 0.104185
0 0.388187 0.223537 0.031938 0.050444
0 0.458521 0.205565 0.030812 0.050833
0 0.363187 0.202012 0.031271 0.045309
2 0.960964 0.452278 0.080156 0.221111
0 0.957630 0.929565 0.086823 0.144574
