0 0.580521 0.190553 0.027708 0.045302
2 0.637745 0.166852 0.055490 0.084815
0 0.103853 0.875250 0.158816 0.253204
0 0.051597 0.606352 0.101111 0.197407
2 0.193854 0.340685 0.176604 0.262593
0 0.702187 0.237963 0.039938 0.053222
0 0.610521 0.260685 0.034375 0.067037
0 0.440521 0.796972 0.096604 0.219130
0 0.501630 0.207349 0.036594 0.055191
0 0.705521 0.316972 0.051042 0.065056
1 0.772745 0.270556 0.058823 0.078889
0 0.344406 0.335741 0.051042 0.078889
0 0.384411 0.238954 0.035490 0.063093
1 0.267188 0.895000 0.118813 0.213704
0 0.711630 0.496722 0.065490 0.120370
0 0.303302 0.248824 0.031042 0.059130
0 0.360521 0.205368 0.034375 0.063080
1 0.327188 0.196481 0.032146 0.061111
0 0.939411 0.840435 0.123260 0.246796
0 0.961078 0.496731 0.079927 0.112463
