0 0.438078 0.796972 0.097490 0.223093
0 0.498969 0.210509 0.034375 0.051241
1 0.284854 0.826009 0.109708 0.229796
0 0.163745 0.655741 0.107927 0.173704
0 0.014819 0.712426 0.027555 0.101407
0 0.266411 0.462954 0.072823 0.116019
0 0.070301 0.502259 0.106378 0.122741
0 0.625630 0.199442 0.030823 0.046487
0 0.581854 0.206160 0.029042 0.044124
0 0.142187 0.517861 0.089708 0.134204
0 0.321740 0.355296 0.051042 0.082444
1 0.277073 0.301176 0.059042 0.114833
0 0.206187 0.328231 0.054604 0.075722
0 0.610521 0.302556 0.041937 0.067815
0 0.687406 0.241713 0.041042 0.052019
0 0.704630 0.373074 0.055927 0.078481
0 0.371521 0.257120 0.038604 0.060722
0 0.460854 0.213472 0.029708 0.052426
0 0.346302 0.223343 0.034375 0.048463
2 0.913854 0.418306 0.174375 0.302500
0 0.844740 0.660880 0.126375 0.172130
2 0.334854 0.172382 0.065271 0.090346
1 0.425969 0.189176 0.025708 0.055981
0 0.792188 0.884528 0.135937 0.234648
0 0.376297 0.182852 0.029927 0.045704
