0 0.439964 0.794019 0.093260 0.221111
0 0.501073 0.206355 0.031042 0.049254
1 0.287745 0.823639 0.115490 0.229019
0 0.015486 0.918463 0.028889 0.138148
0 0.118854 0.686361 0.131042 0.187537
0 0.601078 0.183642 0.026594 0.039383
0 0.258854 0.450315 0.077708 0.114444
0 0.467187 0.214259 0.027708 0.057148
0 0.178297 0.442407 0.083260 0.102593
2 0.685521 0.178706 0.084375 0.100624
0 0.635521 0.234019 0.035479 0.049259
2 0.224964 0.276481 0.132156 0.161852
1 0.433854 0.209324 0.032146 0.063093
0 0.597187 0.244870 0.034375 0.055185
0 0.322740 0.305120 0.047708 0.076907
0 0.691630 0.332778 0.052156 0.069000
0 0.802187 0.469074 0.082146 0.104556
0 0.663302 0.499694 0.071042 0.110500
2 0.891635 0.334750 0.187708 0.258648
0 0.355521 0.213269 0.031042 0.051241
0 0.390521 0.187590 0.027708 0.039376
0 0.833854 0.961176 0.132146 0.081352
