0 0.437964 0.797176 0.091927 0.226648
0 0.500964 0.208923 0.028594 0.048857
1 0.282635 0.832731 0.117708 0.240870
0 0.466073 0.217417 0.030375 0.052426
1 0.434125 0.215500 0.032375 0.058741
0 0.042597 0.772287 0.083111 0.226648
0 0.066189 0.569620 0.105268 0.150796
0 0.227187 0.399741 0.065937 0.089148
0 0.578411 0.190753 0.026156 0.037013
0 0.624187 0.209713 0.032375 0.041759
2 0.153188 0.353519 0.186375 0.259037
0 0.597411 0.259491 0.034823 0.056759
0 0.683854 0.278648 0.050375 0.075333
0 0.400521 0.223352 0.029937 0.051630
0 0.325964 0.244685 0.040823 0.054000
2 0.690521 0.450111 0.109479 0.268111
0 0.898078 0.414167 0.104594 0.110889
0 0.373630 0.201222 0.029927 0.042148
0 0.884078 0.714602 0.139260 0.191093
