0 0.440078 0.791241 0.092156 0.225852
0 0.501078 0.205966 0.031490 0.048476
1 0.282745 0.821463 0.116156 0.236519
0 0.059818 0.768537 0.117552 0.229407
0 0.466297 0.214056 0.032156 0.052815
2 0.068818 0.474019 0.135552 0.294593
1 0.433844 0.209389 0.032500 0.064370
0 0.209406 0.490407 0.089042 0.140111
0 0.614187 0.191544 0.028813 0.037802
0 0.659297 0.226111 0.036823 0.050852
0 0.578745 0.218796 0.030823 0.048074
2 0.689969 0.175345 0.075042 0.122346
0 0.253411 0.347787 0.061927 0.093500
0 0.327964 0.270759 0.040823 0.056370
0 0.617406 0.305315 0.046375 0.069407
0 0.707302 0.352528 0.056375 0.076130
2 0.283964 0.216831 0.088823 0.123931
0 0.673521 0.535250 0.073271 0.124722
0 0.847740 0.615833 0.125708 0.180815
0 0.402302 0.198460 0.026375 0.044524
0 0.374078 0.177910 0.026823 0.044513
