0 0.437630 0.799546 0.088594 0.219537
0 0.503521 0.209910 0.032375 0.053994
1 0.285188 0.829963 0.110375 0.235333
0 0.466964 0.216426 0.030823 0.052815
1 0.435854 0.214058 0.031708 0.062291
0 0.155854 0.496130 0.091708 0.121556
2 0.095151 0.442213 0.188219 0.340019
0 0.583964 0.211093 0.027927 0.042148
0 0.652745 0.224528 0.039260 0.057167
0 0.403740 0.225324 0.029708 0.054796
0 0.294740 0.284380 0.047708 0.063870
2 0.646297 0.313815 0.069490 0.164630
0 0.799854 0.320139 0.071708 0.081648
0 0.357854 0.228880 0.039271 0.053204
0 0.770854 0.468870 0.081708 0.107333
0 0.760188 0.707296 0.110604 0.178037
