0 0.440188 0.798556 0.098146 0.229407
0 0.502078 0.210509 0.029490 0.047278
1 0.283188 0.830157 0.119708 0.245204
0 0.465302 0.216231 0.032375 0.054796
1 0.434188 0.214454 0.034604 0.058352
0 0.066484 0.716185 0.130885 0.243222
0 0.118745 0.509565 0.106823 0.139722
0 0.258297 0.359843 0.058823 0.074944
0 0.583854 0.209120 0.031708 0.047685
0 0.638188 0.232630 0.037708 0.050444
2 0.190740 0.312231 0.151708 0.215981
0 0.605187 0.294648 0.039708 0.059926
0 0.706521 0.323491 0.059271 0.089167
0 0.401297 0.220583 0.029260 0.050833
0 0.339964 0.226907 0.034594 0.051630
2 0.736854 0.582454 0.153271 0.365315
0 0.958964 0.494759 0.084156 0.141704
0 0.385078 0.190164 0.028823 0.046894
0 0.955630 0.911398 0.090823 0.180907
