0 0.437745 0.795000 0.093260 0.219148
0 0.500521 0.209324 0.029937 0.047278
1 0.282740 0.827593 0.107708 0.236926
0 0.193854 0.608333 0.107708 0.157889
0 0.041042 0.661667 0.080000 0.201370
0 0.281635 0.437463 0.067708 0.108519
0 0.112743 0.451296 0.089930 0.104556
0 0.632188 0.209324 0.035479 0.051241
0 0.586078 0.212278 0.032156 0.049259
0 0.184406 0.461176 0.077708 0.124315
0 0.335521 0.333759 0.051042 0.078889
1 0.290521 0.282407 0.056604 0.106556
0 0.222187 0.306111 0.053271 0.071000
0 0.615521 0.324870 0.044375 0.072963
0 0.700521 0.253769 0.045479 0.053204
0 0.720521 0.403889 0.065479 0.084815
0 0.377188 0.244870 0.038812 0.055185
0 0.460521 0.209324 0.032146 0.051241
0 0.351078 0.215250 0.033260 0.051241
2 0.926630 0.423648 0.148823 0.286296
0 0.893297 0.752537 0.146594 0.209259
2 0.340521 0.164877 0.063271 0.088765
1 0.424411 0.184630 0.028823 0.061111
0 0.818854 0.959194 0.124375 0.085315
