0 0.439188 0.797370 0.096146 0.224667
0 0.501745 0.211099 0.031490 0.053209
1 0.282854 0.831935 0.119042 0.246389
0 0.466302 0.216231 0.033042 0.059537
1 0.435188 0.215049 0.035271 0.061902
0 0.069484 0.696037 0.136885 0.226630
0 0.130078 0.497713 0.104156 0.132611
0 0.263297 0.355102 0.055490 0.074944
0 0.583854 0.214454 0.030375 0.048870
0 0.641188 0.240333 0.041042 0.054000
2 0.199740 0.306898 0.147042 0.212426
0 0.607521 0.304722 0.039042 0.068222
0 0.711187 0.334157 0.060604 0.084426
0 0.400297 0.218806 0.027260 0.049648
0 0.341630 0.223352 0.035260 0.046889
2 0.747521 0.620380 0.166604 0.400870
0 0.969297 0.500685 0.063490 0.122741
0 0.387078 0.188979 0.028823 0.051635
0 0.967630 0.942806 0.066823 0.118093
