0 0.437745 0.795194 0.098156 0.225056
0 0.502297 0.208333 0.030823 0.046889
1 0.284964 0.826019 0.119260 0.237704
0 0.465964 0.214056 0.033260 0.057556
1 0.433411 0.208336 0.034823 0.072180
0 0.056599 0.637370 0.111115 0.167000
2 0.063042 0.480528 0.124000 0.291833
0 0.631073 0.183049 0.031042 0.047680
0 0.404297 0.225315 0.030823 0.058741
0 0.248073 0.341463 0.062375 0.080074
2 0.618188 0.234803 0.054604 0.117209
0 0.731078 0.258315 0.051927 0.064667
0 0.333406 0.261667 0.041042 0.062704
0 0.707854 0.334157 0.055708 0.079685
0 0.675521 0.439250 0.062146 0.098648
0 0.381078 0.204778 0.030156 0.046889
0 0.328969 0.230852 0.038375 0.050037
0 0.927411 0.787102 0.147260 0.223093
0 0.368188 0.187003 0.028813 0.038994
