0 0.439964 0.795000 0.098156 0.228630
0 0.501188 0.205960 0.030812 0.047672
1 0.281745 0.827194 0.122156 0.241648
0 0.466078 0.213472 0.029927 0.050833
1 0.432521 0.207942 0.031708 0.061117
0 0.419630 0.239546 0.040594 0.057167
0 0.113856 0.543343 0.101934 0.138537
0 0.104634 0.468287 0.092378 0.105352
0 0.586187 0.207546 0.033271 0.050056
0 0.625188 0.276093 0.041042 0.064667
0 0.679078 0.226898 0.035927 0.050056
0 0.922745 0.439056 0.101490 0.096667
0 0.389297 0.206553 0.026156 0.048857
0 0.336521 0.193516 0.027708 0.041746
