2 0.109708 0.483296 0.217333 0.431667
0 0.667854 0.183840 0.027708 0.041357
0 0.590297 0.200238 0.025927 0.050450
0 0.438521 0.793815 0.093042 0.229407
0 0.502521 0.209324 0.034813 0.055981
0 0.659745 0.240528 0.041260 0.051241
1 0.716187 0.216426 0.043479 0.059926
0 0.247745 0.507991 0.084823 0.129463
0 0.344078 0.311046 0.052594 0.088759
1 0.281073 0.831537 0.123042 0.244815
0 0.676411 0.330407 0.044823 0.072963
0 0.260740 0.310056 0.043708 0.074148
0 0.338188 0.237963 0.041271 0.069815
1 0.294187 0.234009 0.039938 0.073759
0 0.788521 0.500287 0.082375 0.117204
0 0.827854 0.348972 0.059708 0.069019
0 0.371297 0.202803 0.027927 0.041357
0 0.802740 0.896380 0.143708 0.210944
0 0.950964 0.900333 0.100156 0.203037
0 0.408745 0.186016 0.025490 0.040969
