0 0.437854 0.795981 0.091708 0.223481
0 0.500521 0.209318 0.032604 0.055180
1 0.283964 0.826407 0.110156 0.222704
0 0.119634 0.613463 0.114378 0.152370
0 0.585406 0.184040 0.026375 0.040180
0 0.629411 0.183244 0.028156 0.036217
0 0.290854 0.416722 0.061708 0.086000
0 0.102743 0.469667 0.093930 0.103370
0 0.240411 0.371296 0.064823 0.089148
0 0.597411 0.230657 0.035260 0.063093
2 0.703297 0.197271 0.078594 0.109309
0 0.350630 0.311639 0.045260 0.070204
0 0.243740 0.293667 0.052375 0.057148
0 0.682188 0.304333 0.047042 0.072185
0 0.616854 0.315981 0.044375 0.071778
0 0.301187 0.296037 0.042813 0.071370
0 0.382187 0.250009 0.031938 0.055981
1 0.338187 0.211294 0.037271 0.091524
0 0.290297 0.234204 0.037490 0.052815
0 0.682521 0.572185 0.080604 0.136963
0 0.830187 0.374657 0.074604 0.084019
0 0.906635 0.760241 0.144375 0.193852
0 0.401630 0.198852 0.025490 0.046889
0 0.456630 0.194706 0.027490 0.047291
