2 0.091042 0.514315 0.180000 0.403630
0 0.437740 0.797963 0.093708 0.228222
0 0.500521 0.206750 0.035271 0.050833
0 0.645745 0.212870 0.033260 0.048074
1 0.697964 0.197472 0.039927 0.053611
0 0.153519 0.687741 0.116816 0.192667
0 0.313740 0.367546 0.060375 0.102204
1 0.284964 0.828185 0.116594 0.241259
0 0.662406 0.288731 0.040375 0.065463
0 0.229411 0.352139 0.052594 0.078500
0 0.326411 0.257519 0.046594 0.074148
1 0.272854 0.256130 0.044375 0.072963
0 0.748521 0.415546 0.065479 0.097056
0 0.784073 0.308083 0.054375 0.063870
0 0.364187 0.218009 0.031042 0.046500
0 0.739745 0.695444 0.105260 0.183593
0 0.889964 0.710463 0.127490 0.182000
0 0.401521 0.197861 0.025708 0.040167
0 0.339969 0.186206 0.028375 0.044513
