0 0.439411 0.795787 0.096156 0.219130
0 0.502630 0.208333 0.030156 0.051630
1 0.283297 0.827204 0.117260 0.240074
0 0.467297 0.213466 0.033260 0.058735
1 0.433745 0.208336 0.032823 0.069809
0 0.048264 0.656333 0.094445 0.176481
2 0.060708 0.479343 0.119333 0.272870
0 0.629406 0.178308 0.027708 0.042939
0 0.403964 0.225907 0.030156 0.057556
0 0.242406 0.346796 0.063042 0.083630
2 0.616187 0.228284 0.051937 0.113654
0 0.726078 0.254167 0.051260 0.063481
0 0.332073 0.264630 0.041042 0.061519
0 0.703188 0.326454 0.053042 0.076130
0 0.670521 0.420880 0.058813 0.092722
0 0.379411 0.205963 0.030823 0.051630
0 0.325969 0.233222 0.040375 0.052407
0 0.905854 0.736731 0.134812 0.205315
0 0.366187 0.188188 0.028813 0.043735
