0 0.440854 0.795991 0.099042 0.219537
0 0.502521 0.209716 0.033937 0.053606
1 0.285521 0.828778 0.123479 0.247185
0 0.025708 0.844574 0.049333 0.168963
0 0.467411 0.214454 0.032594 0.053611
2 0.043597 0.502065 0.085111 0.236907
1 0.434521 0.209519 0.034375 0.070593
0 0.163521 0.553620 0.109271 0.166981
0 0.606964 0.175741 0.029927 0.038593
0 0.647187 0.204775 0.031271 0.047672
0 0.572188 0.196873 0.025708 0.046883
2 0.672521 0.157565 0.060604 0.106537
0 0.211854 0.396981 0.073479 0.100222
0 0.304188 0.298806 0.047479 0.069796
0 0.601297 0.261269 0.036823 0.053204
0 0.674188 0.297019 0.046604 0.064667
2 0.256521 0.245271 0.111271 0.150791
0 0.637969 0.411000 0.056375 0.091926
0 0.775521 0.466509 0.090604 0.129463
0 0.401411 0.206753 0.027260 0.052420
0 0.364854 0.195491 0.031042 0.044907
2 0.873745 0.862806 0.254594 0.278093
