0 0.439188 0.793417 0.092146 0.219130
0 0.502078 0.208926 0.030823 0.047296
1 0.282969 0.826806 0.119708 0.250352
0 0.466969 0.213870 0.033042 0.056370
1 0.435630 0.207942 0.029927 0.061117
0 0.413521 0.232630 0.035042 0.056778
0 0.057708 0.615639 0.113333 0.170944
0 0.225411 0.415546 0.073927 0.108907
0 0.640969 0.197864 0.030375 0.046494
0 0.596521 0.213463 0.029937 0.046889
0 0.304630 0.304333 0.046594 0.070593
0 0.187521 0.376037 0.067479 0.084407
0 0.685745 0.286556 0.045260 0.075333
0 0.290521 0.266611 0.043708 0.059926
0 0.658297 0.398954 0.059260 0.098648
0 0.730635 0.624926 0.103042 0.162630
0 0.859521 0.577120 0.103479 0.144463
