0 0.440188 0.796778 0.089708 0.216370
0 0.500854 0.206750 0.032375 0.048463
1 0.285745 0.828981 0.111927 0.231778
0 0.027153 0.828972 0.052222 0.155130
0 0.248854 0.498509 0.076812 0.119981
0 0.013931 0.625917 0.025778 0.093500
0 0.165073 0.465917 0.091042 0.128278
0 0.585411 0.198655 0.032156 0.052024
2 0.679635 0.170009 0.066375 0.091130
0 0.321964 0.363398 0.054156 0.082833
0 0.195854 0.351148 0.065479 0.078111
0 0.656521 0.250806 0.037937 0.060722
0 0.601297 0.256926 0.035490 0.058741
0 0.262073 0.354315 0.054375 0.086000
0 0.363521 0.282009 0.038146 0.061500
1 0.320188 0.243102 0.043042 0.088759
0 0.263745 0.260093 0.041260 0.061111
0 0.643521 0.423639 0.056813 0.093500
0 0.758635 0.305907 0.059042 0.063481
0 0.796854 0.544139 0.094146 0.117204
0 0.393078 0.218213 0.030156 0.050833
0 0.457188 0.204182 0.025479 0.046487
0 0.367406 0.196873 0.029042 0.049254
2 0.982964 0.484481 0.036156 0.183593
