0 0.438854 0.796981 0.091042 0.227037
0 0.501635 0.207343 0.027708 0.047278
1 0.287187 0.825611 0.123271 0.232963
0 0.467187 0.214259 0.032146 0.057148
1 0.433297 0.208336 0.033260 0.065069
0 0.064932 0.605370 0.127781 0.148037
2 0.071042 0.473028 0.140000 0.294204
0 0.575521 0.182655 0.024375 0.041357
0 0.633297 0.190556 0.035490 0.049259
0 0.402187 0.227093 0.031042 0.055185
0 0.258854 0.327843 0.059937 0.074944
2 0.623854 0.247843 0.056604 0.124315
0 0.744411 0.270556 0.055490 0.067037
0 0.339964 0.253759 0.042156 0.061111
0 0.716078 0.356481 0.056594 0.084815
0 0.687745 0.476981 0.066594 0.108519
0 0.385521 0.200432 0.026604 0.041357
0 0.335521 0.224130 0.035479 0.049259
0 0.945521 0.883148 0.111042 0.237407
0 0.371630 0.181669 0.025490 0.035439
