0 0.439406 0.795991 0.094375 0.225056
0 0.503302 0.211296 0.031042 0.051222
1 0.284964 0.831546 0.116594 0.236907
0 0.465521 0.215250 0.033271 0.051241
1 0.436073 0.216231 0.034375 0.057167
0 0.085522 0.665620 0.133268 0.205315
0 0.635521 0.187595 0.026604 0.035439
0 0.151078 0.471056 0.093260 0.120370
0 0.273854 0.339685 0.058813 0.078889
0 0.588302 0.225120 0.034375 0.051241
0 0.647187 0.249815 0.038812 0.053222
2 0.214964 0.289324 0.136594 0.187537
0 0.614406 0.321917 0.044375 0.070981
0 0.722188 0.358454 0.062146 0.092722
0 0.399964 0.218213 0.028823 0.045315
0 0.346630 0.215250 0.033260 0.047278
2 0.774969 0.703148 0.194375 0.470000
0 0.984964 0.525370 0.032156 0.094704
0 0.392188 0.187593 0.028813 0.043333
