0 0.437745 0.794019 0.088823 0.221111
0 0.501078 0.206358 0.035490 0.053209
1 0.289411 0.824630 0.112156 0.238889
0 0.224411 0.545120 0.079927 0.134204
0 0.111634 0.536231 0.101045 0.163833
0 0.580521 0.184632 0.029937 0.053217
2 0.668297 0.161917 0.058823 0.086796
0 0.306078 0.395000 0.063260 0.094704
0 0.163854 0.391046 0.074375 0.082833
0 0.644964 0.228083 0.036594 0.053204
0 0.594411 0.234019 0.028823 0.049259
0 0.233854 0.391046 0.061042 0.094685
0 0.354411 0.301176 0.046594 0.069019
1 0.308302 0.257722 0.047708 0.096667
0 0.249406 0.280426 0.047708 0.067037
0 0.630521 0.374259 0.052146 0.084815
0 0.730521 0.278463 0.052146 0.055185
0 0.758854 0.469074 0.079937 0.100630
0 0.385521 0.224130 0.033271 0.049259
0 0.458854 0.207343 0.028813 0.047278
0 0.362188 0.204382 0.033271 0.045309
2 0.953297 0.446352 0.095490 0.232963
0 0.948297 0.908824 0.105490 0.186056
2 0.350521 0.154997 0.052146 0.080857
