0 0.437740 0.794009 0.092375 0.229796
0 0.501521 0.208136 0.031938 0.049654
1 0.284635 0.825222 0.115042 0.232185
0 0.464964 0.214065 0.033927 0.049648
1 0.432854 0.204281 0.031938 0.055772
0 0.419187 0.239546 0.041042 0.057167
0 0.140634 0.538602 0.101711 0.152759
0 0.252078 0.369130 0.065490 0.077704
0 0.076632 0.507204 0.098153 0.128667
0 0.647411 0.229667 0.034823 0.051630
0 0.243188 0.325463 0.057479 0.076519
0 0.622411 0.289713 0.042156 0.066648
0 0.666964 0.416528 0.059260 0.100611
0 0.751302 0.360426 0.059042 0.080074
