0 0.438969 0.799352 0.089042 0.215185
0 0.501521 0.208528 0.032813 0.047278
1 0.282854 0.829565 0.121708 0.236907
0 0.043153 0.853074 0.084222 0.232556
0 0.214854 0.518056 0.091938 0.127481
0 0.466078 0.214657 0.032594 0.054796
0 0.062266 0.590361 0.122448 0.159093
0 0.616302 0.200632 0.030375 0.044920
2 0.167522 0.330204 0.169268 0.216370
1 0.433078 0.212676 0.033260 0.062685
0 0.582302 0.209120 0.030375 0.043722
0 0.296854 0.357269 0.057271 0.093500
0 0.654411 0.269565 0.044823 0.059537
0 0.732187 0.340083 0.059042 0.074944
0 0.619521 0.352333 0.049271 0.078889
2 0.799854 0.262062 0.138375 0.195431
0 0.333297 0.249028 0.038156 0.060315
0 0.374521 0.211685 0.032146 0.048074
0 0.712745 0.617019 0.097927 0.145259
0 0.910188 0.756685 0.142604 0.200963
2 0.346854 0.161910 0.059042 0.085994
