0 0.613854 0.185614 0.027708 0.043328
0 0.606078 0.250806 0.038823 0.059130
2 0.686635 0.217219 0.091042 0.122339
0 0.156078 0.526361 0.103260 0.140130
0 0.319411 0.428583 0.063260 0.106537
0 0.258297 0.352537 0.069927 0.096667
2 0.273297 0.248827 0.113260 0.169754
0 0.757188 0.326852 0.054375 0.072963
0 0.651078 0.385120 0.053260 0.098648
0 0.439411 0.835491 0.098823 0.240870
0 0.498854 0.208333 0.033271 0.049259
0 0.781635 0.465120 0.074375 0.092722
1 0.864969 0.367343 0.081042 0.110500
0 0.393297 0.247843 0.035490 0.057167
0 0.406073 0.193516 0.027708 0.051228
1 0.239964 0.964139 0.122156 0.075426
0 0.829411 0.907843 0.149927 0.188019
0 0.333854 0.205370 0.027708 0.043333
0 0.376630 0.178704 0.026594 0.049259
