0 0.438188 0.795981 0.093708 0.230593
0 0.500521 0.209318 0.033937 0.055180
1 0.284297 0.828778 0.110823 0.227444
0 0.135301 0.596278 0.111045 0.153556
0 0.586740 0.188188 0.029042 0.036624
0 0.632745 0.187984 0.029490 0.038587
0 0.296854 0.407833 0.060375 0.089556
0 0.114410 0.453667 0.089264 0.099815
0 0.248411 0.362407 0.066156 0.090333
0 0.599745 0.232435 0.034594 0.057167
2 0.706630 0.199642 0.081260 0.111680
0 0.354297 0.304528 0.044594 0.067833
0 0.248406 0.285963 0.049708 0.051222
0 0.688854 0.310852 0.048375 0.075741
0 0.620854 0.321907 0.044375 0.074148
0 0.304854 0.289519 0.044813 0.072556
0 0.383854 0.244676 0.031271 0.052426
1 0.341188 0.214256 0.039271 0.087969
0 0.294630 0.228870 0.036823 0.051630
0 0.688521 0.597074 0.085938 0.139333
0 0.840854 0.381769 0.078604 0.081648
0 0.922745 0.798167 0.156594 0.212815
0 0.401630 0.197074 0.025490 0.045704
0 0.454964 0.192336 0.026823 0.047291
