0 0.437406 0.795796 0.094375 0.217556
0 0.500854 0.207148 0.030604 0.051630
1 0.283964 0.823250 0.114156 0.232167
0 0.204969 0.581269 0.090375 0.143278
0 0.059599 0.603398 0.117115 0.178833
0 0.289521 0.421074 0.064812 0.104185
0 0.133410 0.425028 0.081930 0.097056
0 0.636630 0.217611 0.035927 0.050444
0 0.589078 0.221370 0.031927 0.053222
0 0.205635 0.428185 0.070375 0.106556
0 0.342411 0.320528 0.046156 0.069019
1 0.298521 0.275694 0.052146 0.099426
0 0.234187 0.295250 0.053708 0.072167
0 0.621854 0.342065 0.050375 0.077315
0 0.711187 0.263444 0.046375 0.054407
0 0.735745 0.426806 0.068823 0.087981
0 0.382630 0.237176 0.034156 0.057167
0 0.460078 0.206556 0.027260 0.048074
0 0.355521 0.209519 0.033271 0.044519
2 0.935745 0.426407 0.130594 0.253889
0 0.923187 0.825620 0.155708 0.238500
2 0.343297 0.160528 0.057260 0.086389
