0 0.439188 0.797565 0.097937 0.220315
0 0.502078 0.209324 0.032594 0.047278
1 0.284964 0.829574 0.117927 0.247185
0 0.037597 0.871444 0.073111 0.208481
0 0.161073 0.630259 0.113708 0.174111
1 0.017042 0.669759 0.032000 0.148815
0 0.605521 0.192731 0.027938 0.041759
0 0.273521 0.425019 0.070604 0.100222
0 0.466964 0.215444 0.033927 0.054778
0 0.213969 0.397370 0.072375 0.098630
2 0.702854 0.193519 0.092375 0.121556
0 0.645188 0.253769 0.038812 0.053204
2 0.243187 0.255343 0.117938 0.145648
1 0.433187 0.207741 0.032604 0.064667
0 0.603964 0.268389 0.038156 0.058741
0 0.332078 0.286157 0.041490 0.069019
0 0.710745 0.376630 0.060594 0.079296
0 0.842078 0.557963 0.095260 0.133000
0 0.694964 0.606157 0.095260 0.140130
2 0.919745 0.368333 0.162594 0.292630
0 0.363297 0.202997 0.030594 0.051228
