0 0.437964 0.797574 0.093260 0.221111
0 0.503297 0.209719 0.033260 0.055191
1 0.285297 0.827593 0.119490 0.232963
0 0.065151 0.816139 0.128219 0.260611
0 0.204297 0.555398 0.097927 0.146056
1 0.049708 0.604185 0.097333 0.222296
0 0.616635 0.209315 0.032375 0.045704
0 0.287635 0.400926 0.065042 0.097852
0 0.466745 0.214463 0.032594 0.055185
0 0.250740 0.349565 0.063708 0.077315
2 0.725297 0.214058 0.103927 0.128661
0 0.658297 0.283000 0.044156 0.061889
2 0.264297 0.237762 0.108156 0.128661
1 0.432521 0.208729 0.030375 0.062691
0 0.614854 0.303546 0.042146 0.065056
0 0.339969 0.263241 0.037708 0.070593
0 0.742297 0.443981 0.076156 0.100222
0 0.907745 0.714213 0.130594 0.198204
0 0.752521 0.806259 0.129937 0.228222
2 0.950411 0.399741 0.101260 0.261407
0 0.373297 0.189762 0.030594 0.051624
