0 0.438078 0.794611 0.092156 0.219926
0 0.500411 0.208729 0.031490 0.048469
1 0.287745 0.825222 0.110156 0.237704
0 0.218078 0.556380 0.081927 0.137759
0 0.092301 0.557565 0.105045 0.170944
0 0.578521 0.183447 0.029937 0.050846
2 0.666630 0.160139 0.059490 0.085611
0 0.299078 0.402111 0.062594 0.094704
0 0.153854 0.400528 0.078375 0.092315
0 0.642630 0.225120 0.037260 0.054389
0 0.593078 0.229278 0.030156 0.051630
0 0.225188 0.402898 0.065042 0.101796
0 0.350411 0.307102 0.045260 0.069019
1 0.304302 0.261870 0.047708 0.100222
0 0.243740 0.284574 0.049708 0.068222
0 0.627188 0.363000 0.049479 0.081259
0 0.723187 0.273722 0.050813 0.057556
0 0.750854 0.453667 0.078604 0.095889
0 0.386188 0.227685 0.033271 0.049259
0 0.459854 0.207343 0.029479 0.044907
0 0.359521 0.205568 0.030604 0.042939
2 0.947297 0.433907 0.107490 0.229407
0 0.939630 0.889269 0.122823 0.225167
2 0.348854 0.159738 0.054146 0.083228
