0 0.437188 0.793611 0.088604 0.218741
0 0.500964 0.208331 0.035260 0.052413
1 0.282521 0.826806 0.117479 0.243241
0 0.465370 0.214750 0.030219 0.056907
1 0.433521 0.208725 0.030604 0.058735
0 0.418854 0.242315 0.041271 0.054000
0 0.094408 0.602407 0.127039 0.182407
0 0.222521 0.406056 0.073938 0.090741
0 0.036931 0.565667 0.071778 0.139741
0 0.635854 0.213278 0.036146 0.052815
0 0.212969 0.354111 0.066375 0.076111
0 0.610854 0.267000 0.038146 0.066259
0 0.652297 0.368926 0.050823 0.084407
0 0.727521 0.313019 0.049708 0.070593
