0 0.623969 0.211889 0.029708 0.044519
0 0.620745 0.291500 0.045490 0.067037
2 0.717740 0.245466 0.105708 0.134587
0 0.227521 0.421667 0.077271 0.117222
0 0.353745 0.351944 0.048823 0.083630
0 0.307854 0.299991 0.052146 0.078500
2 0.293521 0.229077 0.096812 0.149217
0 0.785740 0.373472 0.061708 0.079278
0 0.674411 0.465120 0.059927 0.116426
0 0.439854 0.873861 0.101938 0.255981
0 0.499411 0.204386 0.029927 0.049265
0 0.834630 0.572972 0.096823 0.125907
1 0.921297 0.422852 0.103927 0.131444
0 0.402521 0.224926 0.031271 0.053222
0 0.413078 0.180676 0.026156 0.043722
