0 0.439745 0.797759 0.099927 0.222296
0 0.502854 0.209315 0.032813 0.048074
1 0.287302 0.827000 0.120375 0.248370
0 0.033708 0.877370 0.065333 0.191074
0 0.151077 0.645861 0.117264 0.182389
0 0.603854 0.190558 0.026375 0.038994
0 0.269854 0.429963 0.070813 0.103000
0 0.467078 0.216037 0.034594 0.052815
0 0.206073 0.408824 0.077042 0.103389
2 0.698521 0.190355 0.089938 0.119180
0 0.642854 0.247843 0.038604 0.053204
2 0.238854 0.260278 0.120375 0.150000
1 0.433078 0.207540 0.034156 0.065846
0 0.602521 0.261861 0.037479 0.058352
0 0.329635 0.290898 0.042375 0.072167
0 0.705411 0.364583 0.058823 0.075722
0 0.830302 0.534065 0.090375 0.124722
0 0.686411 0.576139 0.090156 0.131426
2 0.914188 0.351352 0.173708 0.269704
0 0.361854 0.206556 0.031708 0.052815
