0 0.438078 0.795593 0.092594 0.220333
0 0.502078 0.206954 0.033490 0.048870
0 0.097856 0.756870 0.143268 0.259037
1 0.284854 0.825620 0.116375 0.232167
0 0.637740 0.210306 0.029708 0.050833
0 0.117853 0.542556 0.082816 0.140111
0 0.277969 0.334556 0.064375 0.105741
1 0.193411 0.346407 0.064156 0.110481
0 0.686745 0.283981 0.042823 0.062296
0 0.714078 0.229667 0.036594 0.051630
0 0.336297 0.266019 0.038823 0.063481
0 0.655073 0.398167 0.055042 0.088370
0 0.747745 0.399935 0.062594 0.093500
0 0.383964 0.231250 0.030594 0.052426
0 0.306073 0.225120 0.033042 0.049648
0 0.356964 0.207145 0.028156 0.050043
0 0.726187 0.617222 0.103042 0.177259
2 0.920854 0.422259 0.160375 0.290630
0 0.408297 0.193519 0.028156 0.045704
