0 0.438521 0.792630 0.091708 0.223889
0 0.502078 0.206556 0.030823 0.050444
1 0.283854 0.827194 0.119708 0.241648
0 0.467187 0.211889 0.031708 0.054000
1 0.435188 0.207145 0.031708 0.059524
0 0.416635 0.235398 0.037708 0.055981
0 0.046375 0.647250 0.090667 0.178833
0 0.210521 0.437667 0.079708 0.115222
0 0.637635 0.193914 0.031708 0.049654
0 0.592964 0.205571 0.029927 0.046894
0 0.295521 0.313417 0.052375 0.074537
0 0.168854 0.396185 0.068375 0.094704
0 0.677521 0.273907 0.043042 0.070593
0 0.283411 0.276870 0.045490 0.059926
0 0.650521 0.372481 0.052604 0.094704
0 0.713964 0.566852 0.089260 0.136556
0 0.831297 0.513120 0.087927 0.112870
