0 0.440521 0.795991 0.089938 0.225056
0 0.502188 0.211296 0.031042 0.051222
1 0.286078 0.829574 0.112156 0.232963
0 0.464406 0.212287 0.031042 0.053204
1 0.434411 0.216231 0.033260 0.057167
0 0.049931 0.739685 0.097778 0.227037
0 0.094411 0.537222 0.108823 0.146037
0 0.247745 0.377222 0.062156 0.086778
0 0.582188 0.202410 0.024375 0.041365
0 0.633302 0.226111 0.037708 0.049259
2 0.174964 0.332778 0.163260 0.231000
0 0.602745 0.278463 0.038823 0.055185
0 0.697188 0.305120 0.054375 0.080870
0 0.400521 0.221176 0.029937 0.047278
0 0.336635 0.233028 0.037708 0.047278
2 0.711078 0.521426 0.133260 0.315926
0 0.943854 0.459204 0.114375 0.132222
0 0.380521 0.194509 0.032146 0.045315
0 0.933297 0.866361 0.135490 0.270981
