0 0.631302 0.229278 0.032375 0.051630
0 0.627188 0.311444 0.047708 0.069815
2 0.737411 0.260278 0.115260 0.145259
0 0.254406 0.382750 0.067042 0.101019
0 0.365964 0.323296 0.043490 0.075333
0 0.326745 0.277861 0.045927 0.069796
2 0.301635 0.222160 0.085042 0.135383
0 0.806297 0.406259 0.067260 0.088778
0 0.690635 0.517269 0.068375 0.129056
0 0.438521 0.886509 0.105042 0.230685
0 0.498635 0.203991 0.033708 0.052426
0 0.868078 0.641519 0.108594 0.147630
1 0.951964 0.459000 0.098156 0.135000
0 0.407740 0.213269 0.029708 0.051241
