0 0.440411 0.795593 0.094594 0.229000
0 0.502521 0.208929 0.033479 0.052031
1 0.284187 0.829565 0.117271 0.233759
0 0.468854 0.215046 0.031042 0.054796
2 0.021486 0.533667 0.040889 0.211630
1 0.435188 0.213275 0.029937 0.062302
0 0.122632 0.614657 0.123486 0.186352
0 0.639411 0.197868 0.028156 0.043339
0 0.568188 0.184034 0.025271 0.041746
0 0.180854 0.437269 0.083479 0.111278
0 0.287969 0.321130 0.052375 0.074148
0 0.592521 0.237565 0.034813 0.050833
0 0.658964 0.269167 0.040594 0.056370
2 0.233521 0.268778 0.128812 0.174889
0 0.623302 0.354111 0.048375 0.077704
0 0.745630 0.397370 0.074823 0.107333
0 0.399745 0.215648 0.027927 0.048074
0 0.353521 0.209127 0.039042 0.049265
2 0.842406 0.778657 0.276375 0.446389
