0 0.439964 0.794019 0.093260 0.221111
0 0.500521 0.207343 0.032146 0.047278
1 0.287187 0.826611 0.114375 0.238889
0 0.161635 0.550065 0.101042 0.128278
0 0.588297 0.193519 0.025490 0.043333
0 0.636635 0.194506 0.024375 0.041357
0 0.306630 0.390065 0.053260 0.088759
0 0.139964 0.423639 0.086594 0.088759
0 0.261630 0.343639 0.058823 0.086796
0 0.602187 0.239944 0.033271 0.061111
2 0.712745 0.203392 0.083260 0.114439
0 0.358854 0.294259 0.039938 0.063074
0 0.255521 0.273519 0.042146 0.053222
0 0.697745 0.325861 0.053260 0.074944
0 0.624406 0.342657 0.051042 0.080870
0 0.312188 0.280435 0.039938 0.070981
0 0.387187 0.239935 0.027708 0.057167
1 0.344969 0.210308 0.034375 0.080865
0 0.300521 0.224130 0.032146 0.049259
0 0.703854 0.647833 0.094375 0.161852
0 0.864406 0.406852 0.091042 0.086778
0 0.941078 0.883148 0.119927 0.237407
0 0.406073 0.192531 0.027708 0.045309
0 0.455521 0.194506 0.026604 0.041357
