0 0.437297 0.798361 0.087927 0.214796
0 0.502521 0.211685 0.033042 0.050444
1 0.284187 0.828185 0.115042 0.236519
0 0.467964 0.217019 0.030156 0.051630
1 0.435187 0.213466 0.030375 0.065846
0 0.145187 0.506204 0.097042 0.125111
2 0.092484 0.447546 0.182885 0.341204
0 0.584297 0.207537 0.028594 0.044519
0 0.651078 0.219787 0.037260 0.057167
0 0.403406 0.225917 0.029042 0.053611
0 0.290740 0.290306 0.047708 0.066241
2 0.643630 0.304333 0.068156 0.155148
0 0.791187 0.314806 0.070375 0.078093
0 0.354854 0.231250 0.037271 0.053204
0 0.761854 0.450500 0.077042 0.103778
0 0.747521 0.669370 0.102604 0.161444
