2 0.116375 0.454852 0.230667 0.393741
0 0.671854 0.190954 0.028604 0.042944
0 0.592078 0.209713 0.031260 0.056759
0 0.439188 0.795398 0.095271 0.227833
0 0.500964 0.208929 0.036156 0.056772
0 0.665078 0.250019 0.038594 0.052815
1 0.723521 0.223935 0.044813 0.065463
0 0.268854 0.469278 0.078146 0.116815
0 0.353630 0.294852 0.048594 0.081667
1 0.280630 0.837870 0.119490 0.240074
0 0.680635 0.347000 0.047042 0.079296
0 0.268521 0.298602 0.043271 0.068611
0 0.341745 0.232037 0.036823 0.064259
1 0.299969 0.227694 0.039042 0.067426
0 0.805406 0.535833 0.090375 0.125111
0 0.845630 0.367935 0.066823 0.076907
0 0.371745 0.202806 0.028823 0.042944
0 0.813406 0.940231 0.130375 0.123241
0 0.967411 0.939843 0.067260 0.124019
