0 0.438297 0.799935 0.098823 0.225056
0 0.499964 0.210315 0.033260 0.049259
1 0.285521 0.828583 0.119938 0.230981
0 0.016042 0.872037 0.030000 0.151963
0 0.466078 0.215250 0.032156 0.059130
2 0.033264 0.516481 0.064445 0.227037
1 0.434964 0.210308 0.032156 0.069013
0 0.145522 0.584630 0.113268 0.173704
0 0.642188 0.204380 0.031042 0.041352
0 0.569411 0.190558 0.025490 0.041365
2 0.666630 0.153021 0.055490 0.096661
0 0.196078 0.417722 0.076594 0.108519
0 0.296073 0.311056 0.047708 0.072963
0 0.596630 0.248824 0.033260 0.051241
0 0.666078 0.279444 0.045490 0.061111
2 0.246078 0.258704 0.116594 0.161852
0 0.631078 0.381176 0.053260 0.086796
0 0.761078 0.433519 0.079927 0.116407
0 0.402187 0.210306 0.031042 0.053204
0 0.359406 0.202407 0.034375 0.049259
2 0.861078 0.818954 0.279927 0.365796
