0 0.586078 0.206355 0.032156 0.049254
2 0.649964 0.177713 0.062156 0.094685
0 0.211078 0.667593 0.102156 0.193444
0 0.129408 0.494750 0.101039 0.148019
2 0.229406 0.305120 0.154375 0.223093
0 0.717187 0.262648 0.045479 0.055185
0 0.622740 0.292287 0.041042 0.070981
0 0.439964 0.804880 0.095490 0.223093
0 0.501630 0.205368 0.032156 0.051228
0 0.726630 0.359444 0.055490 0.078889
1 0.797187 0.297222 0.063271 0.084815
0 0.364411 0.300185 0.046594 0.067037
0 0.393854 0.220185 0.034375 0.057148
1 0.255521 0.913769 0.133271 0.176167
0 0.737187 0.604389 0.083271 0.150000
0 0.316630 0.234009 0.028823 0.057167
0 0.366635 0.193516 0.031042 0.051228
1 0.336630 0.186602 0.033260 0.053204
0 0.977187 0.948333 0.047708 0.107037
