0 0.440073 0.799741 0.097042 0.220704
0 0.502745 0.207343 0.033490 0.054389
1 0.284740 0.826806 0.114375 0.232167
0 0.090077 0.744241 0.143264 0.214000
0 0.247188 0.469074 0.081042 0.115630
0 0.467854 0.215843 0.033937 0.055574
0 0.147077 0.480139 0.098597 0.121167
2 0.675521 0.170605 0.074146 0.096272
0 0.629745 0.223343 0.031490 0.046093
2 0.207297 0.289324 0.145260 0.183574
1 0.433073 0.208333 0.035042 0.065852
0 0.590854 0.230657 0.033708 0.048870
0 0.314854 0.320333 0.050146 0.083630
0 0.677078 0.309472 0.051927 0.069019
0 0.774078 0.418306 0.069490 0.097056
0 0.645073 0.439843 0.068375 0.095093
2 0.862969 0.308685 0.177042 0.246000
0 0.349073 0.224926 0.032375 0.054000
0 0.386745 0.195294 0.028156 0.045302
0 0.797078 0.871639 0.145260 0.237315
