0 0.437630 0.797769 0.091260 0.219130
0 0.503297 0.210905 0.033260 0.055191
1 0.285302 0.827389 0.119042 0.234148
0 0.059042 0.830361 0.116000 0.260611
0 0.195964 0.569028 0.102156 0.152759
1 0.041931 0.612278 0.081778 0.204519
0 0.614630 0.206556 0.030594 0.042556
0 0.284854 0.406852 0.065708 0.101815
0 0.466187 0.215444 0.031938 0.055593
0 0.244078 0.360630 0.064594 0.081259
2 0.720411 0.210114 0.101260 0.125513
0 0.655187 0.277667 0.042813 0.059926
2 0.259854 0.241716 0.109938 0.127087
1 0.432630 0.210108 0.030156 0.060709
0 0.611964 0.297019 0.042156 0.062296
0 0.338078 0.267593 0.036156 0.070593
0 0.734969 0.428185 0.071708 0.093889
0 0.892297 0.675889 0.125927 0.179222
0 0.739187 0.759444 0.117479 0.207296
2 0.942297 0.391639 0.117490 0.263389
0 0.372411 0.193719 0.029260 0.049265
