2 0.168077 0.378213 0.204597 0.301315
0 0.691411 0.219991 0.033490 0.049648
0 0.602964 0.240731 0.034823 0.059537
0 0.440521 0.795194 0.100604 0.229019
0 0.500745 0.209719 0.034823 0.057561
0 0.688964 0.291093 0.046823 0.062296
1 0.752411 0.254954 0.051490 0.076907
0 0.322630 0.373472 0.058594 0.088759
0 0.376964 0.259685 0.041490 0.068222
1 0.271521 0.880380 0.119042 0.242944
0 0.698630 0.432731 0.060823 0.106944
0 0.292854 0.264630 0.035042 0.064667
0 0.355078 0.216432 0.038156 0.066246
1 0.319740 0.207938 0.033708 0.061902
0 0.889406 0.707694 0.129042 0.181204
0 0.917740 0.449519 0.088375 0.094704
