0 0.439745 0.790454 0.095490 0.225056
0 0.501740 0.208722 0.032375 0.046889
1 0.284964 0.824435 0.114823 0.239278
0 0.466745 0.212880 0.030823 0.058352
1 0.434521 0.207148 0.034813 0.065852
0 0.029708 0.689324 0.057333 0.142093
2 0.039486 0.498898 0.076889 0.241648
0 0.404411 0.226306 0.029260 0.051241
0 0.217854 0.380389 0.067708 0.095481
2 0.607964 0.208923 0.048823 0.103376
0 0.708411 0.233028 0.047927 0.060722
0 0.319964 0.282009 0.045260 0.070981
0 0.687188 0.292287 0.047271 0.070204
0 0.653521 0.365963 0.047042 0.083222
0 0.371188 0.217222 0.031708 0.053593
0 0.311188 0.249426 0.041042 0.054000
0 0.839411 0.593519 0.105490 0.150407
0 0.356740 0.197664 0.029042 0.042931
0 0.837854 0.960583 0.112604 0.082537
