0 0.437854 0.795593 0.090375 0.215593
0 0.502745 0.206556 0.032156 0.055185
1 0.284854 0.825417 0.112375 0.230981
0 0.466188 0.211296 0.032375 0.055185
1 0.435188 0.206553 0.033042 0.055969
0 0.416635 0.235991 0.039042 0.057167
0 0.036042 0.667398 0.070000 0.171722
0 0.195521 0.458407 0.085708 0.121148
0 0.634969 0.186803 0.029042 0.044913
0 0.589297 0.197275 0.029260 0.046894
0 0.286187 0.325861 0.055042 0.073352
0 0.148187 0.420481 0.073708 0.095889
0 0.669854 0.259093 0.041042 0.062296
0 0.274745 0.286944 0.046823 0.061111
0 0.641521 0.347593 0.051937 0.085222
0 0.699964 0.519444 0.075927 0.119963
0 0.805964 0.463343 0.079927 0.098648
