0 0.437745 0.792037 0.095490 0.221111
0 0.500521 0.207343 0.027708 0.047278
1 0.283302 0.823639 0.117708 0.240870
0 0.464964 0.211299 0.032156 0.059143
1 0.433302 0.206355 0.031042 0.061106
0 0.418297 0.239935 0.036594 0.053204
0 0.038819 0.671537 0.075555 0.173704
0 0.031597 0.552037 0.061111 0.088778
0 0.573854 0.181667 0.029937 0.043333
0 0.611630 0.232037 0.032156 0.053222
0 0.658854 0.193521 0.033271 0.047291
0 0.813302 0.343639 0.077708 0.086796
0 0.389411 0.213269 0.029927 0.051241
0 0.318854 0.214259 0.031042 0.049259
