2 0.018264 0.607148 0.034445 0.249556
0 0.436297 0.795194 0.091260 0.219537
0 0.502745 0.205966 0.032156 0.048476
0 0.122634 0.704731 0.137711 0.236907
1 0.284630 0.826019 0.118156 0.230593
0 0.639188 0.213861 0.031271 0.052426
0 0.128189 0.522204 0.075934 0.131037
0 0.281297 0.327843 0.060823 0.101019
1 0.200745 0.339694 0.062823 0.108907
0 0.689078 0.290907 0.043927 0.063481
0 0.716187 0.233417 0.037271 0.053611
0 0.338969 0.262065 0.037042 0.065056
0 0.659187 0.411593 0.058375 0.096259
0 0.753630 0.412778 0.062823 0.099444
0 0.384745 0.228093 0.028594 0.049259
0 0.309078 0.221963 0.031927 0.047296
0 0.358964 0.205960 0.030823 0.054783
0 0.735187 0.645074 0.109479 0.191889
2 0.924411 0.431148 0.153260 0.284704
0 0.409411 0.190753 0.028156 0.044124
