0 0.437969 0.791250 0.088375 0.221907
0 0.501630 0.208132 0.032156 0.050439
1 0.285078 0.830954 0.115927 0.239685
0 0.466078 0.215833 0.033490 0.054000
1 0.432521 0.207935 0.030812 0.060315
0 0.418630 0.238157 0.040823 0.052019
0 0.052264 0.642509 0.102445 0.173315
0 0.043819 0.534657 0.085555 0.098241
0 0.576411 0.186799 0.027927 0.040957
0 0.613297 0.241519 0.033260 0.056370
0 0.661964 0.200432 0.033260 0.041357
0 0.836187 0.364778 0.083042 0.094296
0 0.389302 0.212284 0.029708 0.055580
0 0.325740 0.212083 0.036375 0.051241
