0 0.438635 0.796185 0.091042 0.204111
0 0.500411 0.209315 0.030156 0.040963
1 0.282187 0.830157 0.117708 0.230204
0 0.149186 0.617620 0.117482 0.169352
0 0.465187 0.217611 0.025937 0.052815
2 0.106266 0.423250 0.210448 0.320278
1 0.431635 0.211694 0.031708 0.058352
0 0.259521 0.417120 0.068812 0.110500
0 0.630630 0.226704 0.031927 0.050444
0 0.687411 0.273713 0.041490 0.056759
0 0.593964 0.271343 0.038156 0.061500
2 0.735188 0.211886 0.093938 0.151969
0 0.300521 0.293074 0.048146 0.069407
0 0.352187 0.236583 0.034146 0.051241
0 0.651745 0.414759 0.059490 0.088370
0 0.778745 0.489222 0.080594 0.102185
2 0.321740 0.187787 0.073708 0.102981
0 0.774635 0.887296 0.133708 0.229111
