0 0.436630 0.792037 0.095490 0.229000
0 0.502188 0.205368 0.031042 0.051228
1 0.283854 0.824630 0.121042 0.242852
0 0.464411 0.211296 0.028823 0.055185
1 0.432745 0.207345 0.029927 0.063087
0 0.420521 0.239944 0.043271 0.061111
0 0.078853 0.589565 0.122149 0.148019
0 0.061042 0.504630 0.120000 0.120370
0 0.581635 0.196481 0.027708 0.049259
0 0.618854 0.258704 0.039938 0.059148
0 0.671635 0.214259 0.034375 0.049259
0 0.878854 0.396972 0.093271 0.094685
0 0.389411 0.212278 0.029927 0.049259
0 0.332187 0.206355 0.031042 0.049254
