0 0.441635 0.792037 0.094375 0.221111
0 0.502188 0.207349 0.035479 0.055191
1 0.282740 0.822657 0.121042 0.246796
0 0.101074 0.622157 0.137705 0.225056
0 0.633854 0.189571 0.025479 0.043339
0 0.251630 0.404880 0.065490 0.094685
0 0.604969 0.235000 0.034375 0.051222
0 0.661630 0.235981 0.029927 0.049259
0 0.344406 0.319935 0.044375 0.070981
0 0.220521 0.325861 0.054375 0.074944
0 0.304411 0.282407 0.042156 0.074926
0 0.626073 0.305130 0.047708 0.072963
2 0.763297 0.248827 0.119927 0.146050
0 0.379969 0.250806 0.031042 0.059130
0 0.294406 0.233028 0.037708 0.051241
0 0.758302 0.442407 0.074375 0.114444
0 0.660521 0.461167 0.065479 0.108519
0 0.339406 0.240926 0.034375 0.055185
0 0.399406 0.206361 0.027708 0.045315
1 0.358854 0.188581 0.031042 0.065061
0 0.329411 0.191540 0.029927 0.043328
