0 0.438630 0.791444 0.088823 0.218333
0 0.502188 0.207352 0.028813 0.043333
1 0.283302 0.827204 0.120375 0.242444
0 0.626854 0.185222 0.029271 0.043333
0 0.028819 0.775250 0.055555 0.213611
0 0.235073 0.404083 0.076375 0.124722
1 0.128297 0.429176 0.083260 0.143278
0 0.662854 0.242704 0.033708 0.056370
0 0.693073 0.205766 0.028375 0.042543
0 0.311745 0.305324 0.043927 0.063093
0 0.629521 0.318157 0.045271 0.071389
0 0.705411 0.318750 0.048156 0.070981
0 0.371521 0.258509 0.033271 0.055574
0 0.278969 0.253370 0.037042 0.054000
0 0.339188 0.231639 0.034375 0.054796
0 0.674745 0.455056 0.071260 0.114444
2 0.872078 0.347000 0.196594 0.233370
0 0.398969 0.212870 0.029042 0.045704
0 0.326964 0.196287 0.030823 0.044130
0 0.904964 0.749963 0.140156 0.213593
0 0.761188 0.808824 0.126812 0.249167
0 0.363635 0.203000 0.026375 0.045704
