0 0.436630 0.794407 0.092823 0.236111
0 0.501854 0.206553 0.031708 0.053598
1 0.284854 0.827000 0.116375 0.238111
0 0.465411 0.213074 0.029490 0.056370
1 0.433411 0.206753 0.029927 0.059531
0 0.420187 0.239352 0.041271 0.062296
0 0.063818 0.606157 0.125552 0.157500
0 0.054708 0.518852 0.107333 0.120370
0 0.579302 0.193519 0.028375 0.048074
0 0.616854 0.254556 0.038604 0.060333
0 0.667969 0.208333 0.033708 0.049259
0 0.862854 0.385713 0.089271 0.093500
0 0.389078 0.212278 0.029260 0.049259
0 0.328854 0.206947 0.031042 0.050439
