0 0.435854 0.792231 0.090813 0.223870
0 0.501297 0.209519 0.034156 0.051630
1 0.284854 0.825417 0.116812 0.239685
0 0.629630 0.193120 0.029927 0.049648
0 0.052931 0.681620 0.103778 0.208870
0 0.254078 0.372676 0.072594 0.121167
1 0.157630 0.391843 0.078823 0.122352
0 0.670188 0.256139 0.037271 0.057167
0 0.699745 0.215444 0.031927 0.044519
0 0.320406 0.288528 0.041708 0.064278
0 0.637854 0.344630 0.046812 0.073741
0 0.721073 0.345815 0.051042 0.076926
0 0.376969 0.247639 0.029042 0.052019
0 0.289740 0.241324 0.036375 0.051241
0 0.347745 0.223343 0.034594 0.055574
0 0.690078 0.499296 0.080594 0.127074
2 0.899297 0.381574 0.203490 0.273259
0 0.402969 0.204583 0.030375 0.046500
0 0.332521 0.189762 0.028146 0.039772
0 0.938297 0.856833 0.125490 0.256667
0 0.792073 0.904083 0.135708 0.195537
0 0.365187 0.198062 0.025042 0.046098
