0 0.437969 0.796778 0.091042 0.212407
0 0.500078 0.209315 0.030823 0.045704
1 0.282187 0.831935 0.111042 0.233759
0 0.158519 0.603991 0.113482 0.156315
0 0.465854 0.215833 0.027271 0.051630
2 0.108599 0.413176 0.215115 0.309611
1 0.431635 0.212880 0.030375 0.055981
0 0.264854 0.412380 0.068812 0.110500
0 0.632630 0.231444 0.034594 0.048074
0 0.688078 0.280231 0.042823 0.055574
0 0.595964 0.282602 0.039490 0.062685
2 0.740854 0.219590 0.095937 0.157894
0 0.303854 0.286556 0.049479 0.070593
0 0.355521 0.235398 0.036813 0.051241
0 0.655411 0.429574 0.061490 0.087185
0 0.786745 0.511148 0.085927 0.112852
2 0.323740 0.185417 0.068375 0.098241
0 0.786969 0.914556 0.131708 0.174593
