0 0.584297 0.198259 0.028594 0.043333
2 0.644187 0.173762 0.058146 0.088365
0 0.175964 0.743639 0.122594 0.228611
0 0.094521 0.532880 0.115708 0.155537
2 0.214630 0.319741 0.163490 0.242037
0 0.711630 0.254750 0.040594 0.060722
0 0.617297 0.279250 0.035490 0.065463
0 0.438521 0.797574 0.096604 0.225852
0 0.501745 0.206355 0.034156 0.053994
0 0.717411 0.341861 0.056156 0.078500
1 0.788411 0.286759 0.061260 0.086000
0 0.356406 0.309870 0.047042 0.070593
0 0.391078 0.229074 0.036823 0.062296
1 0.256078 0.907444 0.131260 0.188815
0 0.724854 0.558954 0.078604 0.131833
0 0.310969 0.238750 0.027708 0.059537
0 0.364854 0.202213 0.033271 0.055981
1 0.333969 0.192534 0.035042 0.056376
0 0.962187 0.910213 0.077708 0.183278
0 0.980630 0.537620 0.040823 0.098648
