0 0.438854 0.795981 0.091042 0.232963
0 0.500521 0.206361 0.027708 0.041352
1 0.288297 0.828583 0.123260 0.242833
0 0.047708 0.791056 0.093333 0.310000
0 0.213297 0.464139 0.075490 0.106537
0 0.596635 0.211296 0.031042 0.043333
0 0.648854 0.209324 0.031042 0.051241
0 0.327188 0.351546 0.049937 0.074944
0 0.185521 0.365370 0.059937 0.086778
0 0.288297 0.309074 0.049927 0.080852
0 0.613854 0.273519 0.043271 0.069000
2 0.736630 0.223145 0.099927 0.134191
0 0.372188 0.268583 0.037708 0.063093
0 0.276630 0.250806 0.039927 0.051241
0 0.724964 0.377222 0.063260 0.090741
0 0.639411 0.391056 0.058823 0.090741
0 0.327188 0.259694 0.038812 0.069019
0 0.394406 0.222167 0.031042 0.061111
1 0.351630 0.193516 0.029927 0.074931
0 0.313302 0.205373 0.031042 0.047291
0 0.763854 0.841417 0.127708 0.229019
0 0.942187 0.478954 0.117708 0.100611
