0 0.437411 0.796185 0.092594 0.221519
0 0.499854 0.208136 0.029937 0.049654
1 0.283740 0.827593 0.108375 0.234556
0 0.183521 0.624926 0.103042 0.162630
0 0.034375 0.671741 0.066667 0.167000
0 0.277302 0.445167 0.069708 0.107333
0 0.098743 0.466704 0.093930 0.111667
0 0.629854 0.205769 0.034813 0.051241
0 0.585411 0.210500 0.030823 0.048074
0 0.171073 0.477176 0.079042 0.120759
0 0.331521 0.341463 0.051042 0.080074
1 0.286187 0.288926 0.055938 0.107741
0 0.216854 0.313222 0.051937 0.071000
0 0.613854 0.317167 0.042375 0.071778
0 0.695854 0.248435 0.042813 0.054389
0 0.715521 0.392037 0.063479 0.084815
0 0.376188 0.250796 0.038146 0.057556
0 0.461521 0.209917 0.030146 0.050056
0 0.350078 0.218213 0.031260 0.047685
2 0.921630 0.419500 0.158823 0.292222
0 0.876964 0.716981 0.141927 0.197407
2 0.338188 0.166062 0.061271 0.088765
1 0.425078 0.186407 0.027490 0.059926
0 0.813521 0.931935 0.137708 0.139833
