0 0.436745 0.795000 0.092594 0.227037
0 0.501521 0.208331 0.036813 0.052413
1 0.281745 0.826602 0.118594 0.235722
0 0.127964 0.574361 0.123927 0.207685
1 0.015486 0.628083 0.028889 0.149204
0 0.636630 0.197864 0.027927 0.041754
0 0.262406 0.386111 0.060375 0.087963
0 0.607297 0.243491 0.033260 0.053204
0 0.667635 0.246259 0.035708 0.051630
0 0.349078 0.308481 0.040823 0.067815
0 0.230964 0.311444 0.052594 0.073741
0 0.313188 0.275102 0.042813 0.071389
0 0.632969 0.323093 0.050375 0.086000
2 0.775411 0.262657 0.125927 0.157907
0 0.385187 0.241315 0.035708 0.052815
0 0.299187 0.227694 0.033479 0.052426
0 0.772630 0.478759 0.083490 0.123926
0 0.669411 0.499296 0.073927 0.124704
0 0.343078 0.232630 0.034156 0.055963
0 0.402630 0.203794 0.026594 0.050450
1 0.364187 0.181469 0.031479 0.065061
0 0.332745 0.190361 0.028594 0.046500
