0 0.589521 0.212870 0.031479 0.048074
2 0.654964 0.186407 0.067260 0.095481
0 0.031597 0.774259 0.061111 0.214000
0 0.240964 0.598852 0.088156 0.157889
0 0.160964 0.460185 0.092156 0.130259
2 0.238964 0.288722 0.144594 0.202148
0 0.724073 0.273713 0.046375 0.066241
0 0.626630 0.309667 0.041260 0.078111
0 0.440740 0.804880 0.099708 0.226241
0 0.501854 0.205568 0.036146 0.054791
0 0.735745 0.374852 0.063490 0.081259
1 0.810745 0.310259 0.067260 0.099815
0 0.372302 0.285565 0.043708 0.068611
0 0.398187 0.212880 0.031042 0.053611
1 0.252630 0.923444 0.134156 0.156815
0 0.749411 0.659685 0.096594 0.171333
0 0.319411 0.223741 0.026823 0.052407
0 0.368630 0.195494 0.031927 0.055976
