0 0.438297 0.791843 0.091260 0.220722
0 0.502078 0.204781 0.030823 0.048476
1 0.285854 0.826407 0.119708 0.243222
0 0.467187 0.212676 0.030812 0.050056
1 0.435297 0.209324 0.034156 0.063093
0 0.405411 0.225713 0.030823 0.054796
0 0.170187 0.445574 0.084812 0.107333
2 0.598073 0.182259 0.041042 0.084815
0 0.680406 0.205173 0.039042 0.055580
0 0.293854 0.315796 0.053042 0.075333
0 0.667297 0.251389 0.041260 0.058741
0 0.629297 0.292083 0.039927 0.064278
0 0.351297 0.238954 0.035927 0.054389
0 0.276411 0.279046 0.048823 0.060315
0 0.765187 0.437472 0.071708 0.111685
0 0.337854 0.217222 0.032604 0.048074
0 0.751411 0.703546 0.117927 0.198981
