2 0.159410 0.387102 0.209930 0.311981
0 0.689411 0.215250 0.032156 0.047278
0 0.599964 0.235991 0.035490 0.057167
0 0.442188 0.794009 0.099937 0.229019
0 0.501078 0.210312 0.035490 0.061117
0 0.684964 0.286352 0.045490 0.067037
1 0.747745 0.253769 0.048823 0.076907
0 0.316630 0.384139 0.059927 0.088759
0 0.373297 0.265611 0.042156 0.072963
1 0.272188 0.879194 0.117708 0.245315
0 0.696630 0.416731 0.055490 0.098648
0 0.288854 0.270556 0.037708 0.067037
0 0.352745 0.218213 0.038823 0.065056
1 0.316073 0.210308 0.034375 0.057161
0 0.877740 0.683398 0.124375 0.177648
0 0.906073 0.433519 0.081042 0.088778
0 0.379969 0.191544 0.024375 0.047283
