0 0.436635 0.795000 0.091042 0.219148
0 0.498854 0.209324 0.033271 0.047278
1 0.283297 0.822648 0.115490 0.238889
0 0.212740 0.438454 0.087708 0.146056
1 0.092189 0.474009 0.093268 0.157907
0 0.656635 0.230065 0.031042 0.053204
0 0.686635 0.200429 0.031042 0.049254
0 0.301630 0.323889 0.049927 0.074926
0 0.623854 0.293269 0.043271 0.057167
0 0.692745 0.296231 0.043260 0.063093
0 0.364964 0.269574 0.036594 0.061111
0 0.269406 0.266602 0.041042 0.051241
0 0.334411 0.240926 0.033260 0.059148
0 0.661630 0.408833 0.063260 0.102593
2 0.839964 0.314009 0.168823 0.205315
0 0.394969 0.219194 0.027708 0.051241
0 0.321078 0.205373 0.028823 0.047291
0 0.856073 0.659694 0.114375 0.165796
0 0.724964 0.693278 0.103260 0.197407
0 0.354969 0.215250 0.027708 0.051241
