2 0.069375 0.539593 0.136667 0.366481
0 0.439188 0.800722 0.098812 0.242444
0 0.502073 0.208731 0.034375 0.054796
0 0.632740 0.195102 0.033042 0.046500
1 0.685406 0.184037 0.033042 0.055185
0 0.056484 0.900731 0.110885 0.202241
0 0.269297 0.440435 0.070156 0.129463
1 0.280188 0.827593 0.110604 0.235333
0 0.653969 0.259296 0.036375 0.054778
0 0.199521 0.397167 0.058146 0.094296
0 0.313630 0.280435 0.049927 0.087574
1 0.250969 0.281417 0.050375 0.084019
0 0.721964 0.360231 0.053260 0.082833
0 0.755302 0.276278 0.045708 0.063481
0 0.355411 0.232435 0.032594 0.053204
0 0.704854 0.567250 0.083937 0.136574
0 0.830745 0.576528 0.093927 0.140907
0 0.395411 0.207935 0.028156 0.048463
0 0.331745 0.196679 0.033260 0.051235
0 0.370521 0.186605 0.027708 0.050050
0 0.838740 0.925620 0.158375 0.152463
2 0.986078 0.479148 0.029927 0.195037
