0 0.438297 0.796972 0.089927 0.219130
0 0.502188 0.205368 0.031042 0.051228
1 0.282187 0.822657 0.113271 0.230981
0 0.107186 0.715991 0.138816 0.219130
0 0.239411 0.496731 0.083260 0.116426
1 0.103301 0.506602 0.117711 0.199389
0 0.582188 0.191544 0.028813 0.047283
0 0.629964 0.229074 0.035490 0.055185
0 0.303854 0.366361 0.061042 0.088759
0 0.465521 0.212281 0.037708 0.061106
0 0.282745 0.310056 0.056594 0.078889
2 0.757188 0.238951 0.127708 0.153950
0 0.681078 0.319944 0.053260 0.067037
2 0.282187 0.214256 0.093271 0.116413
1 0.432740 0.205368 0.027708 0.063080
0 0.633854 0.352528 0.045479 0.076907
0 0.349964 0.237963 0.035490 0.065074
0 0.798854 0.551046 0.099937 0.134204
0 0.972188 0.925620 0.057708 0.152463
