0 0.439411 0.798944 0.092156 0.227037
0 0.502188 0.206358 0.031042 0.053209
1 0.285521 0.826611 0.115479 0.238889
0 0.467187 0.210315 0.029937 0.049259
1 0.434411 0.206355 0.033260 0.061106
0 0.037153 0.677472 0.072222 0.165796
2 0.048819 0.498704 0.095555 0.278407
0 0.404411 0.227093 0.026594 0.055185
0 0.230521 0.362407 0.067708 0.084815
2 0.613854 0.218206 0.049937 0.108513
0 0.716630 0.242898 0.048823 0.063093
0 0.325521 0.273519 0.044375 0.069000
0 0.695521 0.311046 0.048813 0.076907
0 0.660521 0.393028 0.052146 0.086796
0 0.374964 0.212287 0.032156 0.053204
0 0.317188 0.241917 0.041042 0.053204
0 0.871078 0.656731 0.122156 0.163833
0 0.362187 0.191540 0.028813 0.043328
