0 0.438411 0.795593 0.091490 0.218741
0 0.500854 0.208729 0.032813 0.050839
1 0.284969 0.827991 0.119708 0.234537
0 0.466854 0.215046 0.032813 0.054796
1 0.434969 0.210312 0.031708 0.063487
0 0.024819 0.795787 0.047555 0.175685
0 0.035264 0.624528 0.068445 0.139722
0 0.199297 0.437074 0.078594 0.103000
0 0.615521 0.195491 0.029271 0.042537
2 0.111151 0.391241 0.220219 0.293407
0 0.590406 0.234407 0.031042 0.050037
0 0.670964 0.254361 0.047260 0.063093
0 0.400969 0.225713 0.027708 0.048463
0 0.312521 0.262454 0.042813 0.059537
2 0.667745 0.376231 0.091490 0.212019
0 0.848187 0.368333 0.087479 0.094296
0 0.367521 0.214056 0.034146 0.045704
0 0.823078 0.580880 0.104823 0.137759
0 0.841078 0.915741 0.142594 0.172222
