0 0.434854 0.634213 0.070604 0.151981
0 0.518964 0.230065 0.034823 0.050056
1 0.301411 0.709074 0.084594 0.174481
0 0.464521 0.218213 0.028146 0.050056
1 0.453297 0.236778 0.043927 0.066630
0 0.495521 0.298796 0.063479 0.065852
0 0.414854 0.255935 0.039479 0.052019
0 0.021708 0.862759 0.041333 0.166593
0 0.205297 0.419102 0.067490 0.093907
0 0.290411 0.350556 0.050156 0.074556
0 0.411406 0.187991 0.025042 0.039389
0 0.429042 0.216241 0.031417 0.046185
0 0.451297 0.188975 0.025260 0.026346
0 0.489964 0.195099 0.030594 0.049654
