0 0.437078 0.802306 0.097260 0.215574
0 0.498745 0.211694 0.033490 0.055981
1 0.286073 0.830944 0.119708 0.234148
0 0.110632 0.749370 0.136820 0.211630
0 0.235521 0.519241 0.083937 0.134593
0 0.021264 0.586407 0.040445 0.104556
0 0.615964 0.183046 0.028823 0.046093
0 0.575187 0.185025 0.025042 0.043728
0 0.044931 0.694056 0.087778 0.206889
0 0.298964 0.396583 0.061927 0.091537
1 0.243297 0.345222 0.068823 0.121556
0 0.161073 0.379991 0.067042 0.094685
0 0.600411 0.265019 0.036823 0.062296
0 0.661073 0.218806 0.039042 0.055981
0 0.678411 0.320731 0.047490 0.070981
0 0.356411 0.283000 0.045260 0.068222
0 0.464740 0.218213 0.033042 0.055574
0 0.332745 0.243491 0.037927 0.053204
2 0.891745 0.367741 0.218594 0.273259
0 0.777078 0.523398 0.093260 0.118389
2 0.324187 0.183049 0.069708 0.099828
1 0.427630 0.200632 0.029927 0.061513
0 0.718854 0.658500 0.100375 0.171333
0 0.369964 0.198657 0.030156 0.051241
