0 0.439406 0.796972 0.081042 0.211241
0 0.506078 0.208333 0.032156 0.049259
1 0.291078 0.828574 0.106594 0.238889
0 0.073818 0.735741 0.145552 0.242852
0 0.467187 0.215241 0.029937 0.055185
2 0.078266 0.451296 0.154448 0.286296
1 0.432188 0.209324 0.031042 0.063093
0 0.222188 0.471046 0.082146 0.136167
0 0.618297 0.198460 0.032156 0.049265
0 0.661630 0.234019 0.038823 0.049259
0 0.581073 0.231046 0.031042 0.051241
2 0.698854 0.182651 0.077708 0.132217
0 0.264964 0.332778 0.058823 0.084815
0 0.334406 0.260676 0.044375 0.059130
0 0.622745 0.325861 0.049927 0.074944
0 0.717745 0.371296 0.062156 0.071000
2 0.289964 0.212281 0.086594 0.120365
0 0.689969 0.592528 0.084375 0.146056
0 0.885521 0.679444 0.133271 0.205296
0 0.402745 0.196479 0.025490 0.045302
