0 0.438302 0.794407 0.091708 0.218741
0 0.501854 0.209127 0.033479 0.054006
1 0.283406 0.823250 0.119708 0.240870
0 0.086408 0.654750 0.143039 0.247574
0 0.631188 0.187201 0.026812 0.040969
0 0.244297 0.416731 0.066823 0.094685
0 0.602969 0.229667 0.033042 0.052407
0 0.658630 0.230648 0.030594 0.050444
0 0.340406 0.324083 0.044375 0.072167
0 0.213188 0.332972 0.057042 0.077315
0 0.302745 0.288333 0.045490 0.079667
0 0.623406 0.297426 0.047708 0.074148
2 0.757964 0.242901 0.114594 0.143680
0 0.378635 0.254954 0.032375 0.060315
0 0.291740 0.236583 0.039042 0.051241
0 0.750969 0.431741 0.073042 0.109704
0 0.655854 0.446944 0.064146 0.101407
0 0.337406 0.242111 0.033042 0.057556
0 0.399073 0.206954 0.028375 0.051241
1 0.358854 0.189766 0.031042 0.067431
0 0.326078 0.195095 0.027260 0.043328
