2 0.050486 0.564287 0.098889 0.313167
0 0.438521 0.797769 0.091708 0.219130
0 0.501078 0.209321 0.035490 0.054394
0 0.624078 0.180676 0.029490 0.038981
1 0.677740 0.174355 0.032375 0.051624
0 0.222521 0.527944 0.085938 0.167778
1 0.283078 0.826407 0.115927 0.244815
0 0.645854 0.238750 0.033042 0.052426
0 0.171302 0.443787 0.067042 0.105352
0 0.300302 0.297222 0.054375 0.095074
1 0.231411 0.305917 0.055260 0.090352
0 0.704411 0.321907 0.044823 0.074148
0 0.736630 0.255148 0.039927 0.054407
0 0.348521 0.243491 0.032146 0.050833
0 0.679745 0.485667 0.071490 0.108519
0 0.793740 0.495343 0.080375 0.110500
0 0.390630 0.217028 0.030156 0.048463
0 0.320854 0.209519 0.032813 0.046889
0 0.366521 0.197472 0.029479 0.051241
0 0.792630 0.819102 0.151927 0.257056
2 0.953854 0.455046 0.094375 0.236907
