0 0.438078 0.790852 0.090823 0.218741
0 0.501188 0.207935 0.030375 0.048463
1 0.284302 0.828380 0.117042 0.240870
0 0.465630 0.214259 0.033490 0.055593
1 0.432635 0.207540 0.031042 0.061106
0 0.418297 0.238750 0.039260 0.050833
0 0.045819 0.657907 0.089555 0.174889
0 0.037931 0.542556 0.073778 0.091148
0 0.575188 0.184037 0.028604 0.040963
0 0.612297 0.236185 0.032156 0.054407
0 0.660187 0.197077 0.033271 0.042550
0 0.824635 0.354306 0.080375 0.091537
0 0.389411 0.212676 0.029927 0.054796
0 0.322854 0.213667 0.035042 0.050444
