0 0.437078 0.794611 0.087490 0.219926
0 0.500745 0.208333 0.033927 0.049259
1 0.281521 0.829176 0.119042 0.247981
0 0.465078 0.215250 0.030156 0.059130
1 0.433188 0.206954 0.031708 0.058352
0 0.418078 0.241324 0.040156 0.054389
0 0.083077 0.620972 0.130597 0.188722
0 0.214411 0.414750 0.075490 0.091537
0 0.029819 0.580880 0.057555 0.144870
0 0.633187 0.209716 0.035271 0.053606
0 0.205521 0.361019 0.068812 0.076519
0 0.607854 0.260093 0.037937 0.065852
0 0.649521 0.357667 0.050146 0.079296
0 0.722188 0.301769 0.048375 0.068611
