0 0.437411 0.795593 0.093927 0.217963
0 0.500854 0.207544 0.030604 0.050839
1 0.283073 0.824630 0.112375 0.233370
0 0.199187 0.594704 0.098375 0.149593
0 0.051042 0.631444 0.100000 0.188333
0 0.285635 0.429759 0.066375 0.107333
0 0.123077 0.438259 0.085264 0.099815
0 0.634187 0.213472 0.035479 0.050056
0 0.587411 0.217019 0.032156 0.051630
0 0.195073 0.443991 0.073708 0.113648
0 0.338854 0.327241 0.048375 0.072963
1 0.294854 0.280037 0.054604 0.101815
0 0.228521 0.300778 0.053937 0.072185
0 0.618854 0.333167 0.048375 0.075333
0 0.705854 0.258509 0.045479 0.053204
0 0.728187 0.415148 0.066146 0.086000
0 0.379854 0.241315 0.036146 0.057556
0 0.460187 0.207546 0.028813 0.050056
0 0.353411 0.212287 0.033927 0.047685
2 0.930964 0.425426 0.140156 0.270889
0 0.908964 0.789278 0.153927 0.225852
2 0.341521 0.161914 0.059937 0.087580
1 0.423411 0.184630 0.028156 0.063481
