0 0.629078 0.224130 0.032823 0.051630
0 0.624521 0.304926 0.047708 0.068630
2 0.730411 0.254954 0.111490 0.137759
0 0.247078 0.395593 0.070156 0.107741
0 0.362188 0.332185 0.045271 0.077296
0 0.320740 0.285769 0.047708 0.073759
2 0.297745 0.224731 0.087490 0.138944
0 0.800188 0.395991 0.064812 0.086389
0 0.684854 0.497120 0.065708 0.126685
0 0.439630 0.880972 0.106823 0.241759
0 0.498964 0.204382 0.032594 0.052420
0 0.855078 0.616824 0.102156 0.136167
1 0.946745 0.447741 0.108594 0.133815
0 0.406078 0.217028 0.031260 0.054796
