0 0.421219 0.528093 0.066875 0.118889
0 0.551630 0.249074 0.045490 0.054704
1 0.306214 0.615991 0.070760 0.143574
0 0.465797 0.216231 0.027156 0.041352
1 0.480380 0.253028 0.054094 0.073463
0 0.566490 0.335491 0.078542 0.075426
0 0.442469 0.283639 0.046042 0.061611
0 0.144551 0.506361 0.086878 0.120870
0 0.248161 0.445370 0.074094 0.103593
0 0.412880 0.192284 0.025760 0.039876
0 0.429453 0.226259 0.027802 0.044407
0 0.454688 0.199197 0.021604 0.034939
0 0.501073 0.200432 0.032708 0.047283
0 0.238437 0.969815 0.114646 0.064074
