0 0.438854 0.797963 0.091042 0.221111
0 0.500521 0.207343 0.034375 0.047278
1 0.286078 0.829574 0.116594 0.232963
0 0.038819 0.802898 0.075555 0.171722
0 0.255521 0.487843 0.075479 0.110500
0 0.023264 0.606361 0.044445 0.118389
0 0.176073 0.455250 0.087708 0.128278
0 0.586078 0.200432 0.032156 0.053209
2 0.683302 0.171787 0.064375 0.094685
0 0.324964 0.357472 0.052156 0.082833
0 0.203854 0.341667 0.058813 0.071000
0 0.658854 0.256731 0.039938 0.063093
0 0.603297 0.261667 0.035490 0.061111
0 0.267740 0.343648 0.051042 0.078889
0 0.365521 0.278454 0.035479 0.059130
1 0.323854 0.238954 0.041042 0.082833
0 0.267745 0.254759 0.039927 0.055185
0 0.647188 0.438454 0.058813 0.094685
0 0.766635 0.313019 0.057708 0.061111
0 0.807187 0.567843 0.098812 0.124315
0 0.394411 0.215250 0.028823 0.047278
0 0.457188 0.202405 0.025479 0.045302
0 0.369406 0.194503 0.027708 0.049254
2 0.991630 0.504630 0.018823 0.159889
