0 0.439964 0.793028 0.093260 0.223093
0 0.502745 0.205373 0.032156 0.047291
1 0.285521 0.827593 0.117708 0.240852
0 0.467187 0.213269 0.032146 0.051241
1 0.434964 0.209324 0.032156 0.063093
0 0.406078 0.228083 0.032156 0.057167
0 0.163854 0.459204 0.092146 0.120370
2 0.596073 0.178704 0.041042 0.084815
0 0.677740 0.200432 0.037708 0.053209
0 0.290521 0.319944 0.054375 0.078889
0 0.663297 0.244870 0.039927 0.055185
0 0.626630 0.284380 0.039927 0.063093
0 0.348297 0.241917 0.036594 0.053204
0 0.271167 0.284713 0.049750 0.060463
0 0.757188 0.419694 0.067708 0.104574
0 0.334687 0.220185 0.034937 0.049259
0 0.739411 0.662657 0.109927 0.183574
