2 0.041597 0.574750 0.081111 0.296167
0 0.438854 0.793019 0.093271 0.227037
0 0.502188 0.209324 0.033271 0.047278
0 0.192745 0.586602 0.105490 0.181611
1 0.281630 0.828583 0.116594 0.242833
0 0.642188 0.229074 0.033271 0.059148
0 0.158297 0.473028 0.069927 0.112463
0 0.293854 0.313019 0.056604 0.096667
1 0.220521 0.316972 0.058813 0.092722
0 0.698854 0.312037 0.044375 0.067037
0 0.728302 0.247843 0.041042 0.053204
0 0.344411 0.250806 0.035490 0.059130
0 0.671078 0.454259 0.066594 0.102593
0 0.774969 0.464139 0.074375 0.110500
0 0.389411 0.221176 0.032156 0.047278
0 0.316635 0.214259 0.031042 0.045296
0 0.363297 0.200429 0.026594 0.049254
0 0.762745 0.742657 0.123260 0.229019
2 0.941630 0.448333 0.118823 0.256667
0 0.411630 0.184632 0.025490 0.041365
