0 0.439635 0.792630 0.091708 0.225444
0 0.500745 0.206750 0.032594 0.050833
1 0.282854 0.825815 0.120375 0.231778
0 0.025931 0.936083 0.049778 0.131537
0 0.136519 0.670944 0.128149 0.198593
0 0.253078 0.475398 0.082594 0.116426
1 0.137410 0.466704 0.103264 0.175667
0 0.026819 0.558157 0.051555 0.136574
0 0.584630 0.200429 0.030156 0.046883
0 0.639411 0.242500 0.039260 0.057556
0 0.314854 0.351148 0.056375 0.078889
0 0.467745 0.212287 0.035490 0.059537
0 0.295521 0.290704 0.050146 0.064667
2 0.778187 0.253963 0.138146 0.168963
0 0.694521 0.344426 0.055708 0.067037
2 0.292521 0.206553 0.089479 0.112857
1 0.430969 0.202806 0.030375 0.061907
0 0.643188 0.391046 0.052604 0.084426
0 0.354078 0.229472 0.035260 0.063093
0 0.834078 0.628287 0.120594 0.163833
