0 0.437964 0.792037 0.095927 0.227444
0 0.501188 0.206553 0.033042 0.051228
1 0.283411 0.825028 0.115260 0.233352
0 0.466969 0.213269 0.031708 0.053611
1 0.433745 0.208136 0.034156 0.061506
0 0.406521 0.228287 0.033042 0.055981
0 0.131298 0.502056 0.099486 0.123926
2 0.591740 0.169818 0.037708 0.078106
0 0.662521 0.189960 0.034813 0.053598
0 0.271411 0.347787 0.060594 0.086389
0 0.655411 0.229074 0.036594 0.055963
0 0.613964 0.257519 0.034594 0.054407
0 0.334745 0.260481 0.041927 0.057963
0 0.246854 0.311250 0.053708 0.063093
0 0.728188 0.361222 0.057708 0.086407
0 0.321635 0.233815 0.038375 0.049667
0 0.702302 0.551648 0.085042 0.141704
0 0.840187 0.934111 0.143042 0.135481
0 0.979964 0.927398 0.042156 0.148907
