2 0.076818 0.535833 0.151552 0.383481
0 0.439521 0.802111 0.099937 0.241259
0 0.501635 0.208528 0.034375 0.056759
0 0.634854 0.197271 0.034146 0.047680
1 0.688078 0.186803 0.032594 0.056765
0 0.069484 0.872083 0.136885 0.259537
0 0.278969 0.423241 0.067708 0.125111
1 0.280406 0.826213 0.112375 0.233352
0 0.656187 0.264037 0.038146 0.055593
0 0.206073 0.387685 0.057042 0.094296
0 0.316411 0.276481 0.047490 0.085222
1 0.255302 0.275685 0.049708 0.081259
0 0.726854 0.368139 0.054146 0.086796
0 0.760745 0.280833 0.047260 0.064667
0 0.356635 0.229074 0.032375 0.052815
0 0.711854 0.592139 0.086375 0.146056
0 0.840188 0.598454 0.098604 0.149204
0 0.396740 0.205766 0.027708 0.044913
0 0.334078 0.193516 0.030823 0.051228
0 0.372411 0.184435 0.026594 0.048870
0 0.844635 0.947148 0.141708 0.109407
