0 0.438078 0.796185 0.092156 0.227037
0 0.500964 0.209324 0.029490 0.048870
1 0.282964 0.831546 0.115260 0.236907
0 0.466297 0.216833 0.029490 0.050444
1 0.434271 0.213891 0.031708 0.059922
0 0.038153 0.776824 0.074222 0.219130
0 0.054708 0.581861 0.107333 0.149204
0 0.220630 0.409620 0.067927 0.094685
0 0.577188 0.187595 0.025937 0.037809
0 0.621854 0.205963 0.030812 0.041370
2 0.143632 0.361222 0.192153 0.265741
0 0.595630 0.252574 0.034823 0.056370
0 0.679411 0.270944 0.048594 0.071778
0 0.400521 0.224241 0.029937 0.053407
0 0.322740 0.248630 0.041042 0.054000
2 0.683302 0.431352 0.103042 0.251926
0 0.885078 0.401722 0.099927 0.107333
0 0.372297 0.204380 0.030823 0.043722
0 0.865521 0.675296 0.128375 0.174889
