0 0.437406 0.794602 0.095708 0.228611
0 0.501745 0.207343 0.030594 0.052019
1 0.283297 0.826019 0.119927 0.247185
0 0.465969 0.211497 0.033708 0.054006
1 0.432078 0.207145 0.032594 0.061894
0 0.419411 0.239546 0.041927 0.057944
0 0.028597 0.729815 0.055111 0.170148
0 0.149189 0.497130 0.091268 0.125111
0 0.616302 0.182651 0.029042 0.044513
0 0.137965 0.431148 0.084820 0.093519
0 0.592630 0.217815 0.030594 0.050037
0 0.630854 0.296824 0.045271 0.069796
0 0.689630 0.244870 0.041927 0.055185
0 0.960521 0.489222 0.081042 0.114037
0 0.388630 0.201614 0.027927 0.046883
