0 0.440521 0.797769 0.095271 0.228611
0 0.502188 0.210704 0.029708 0.047667
1 0.284411 0.829574 0.116823 0.240074
0 0.464740 0.214657 0.031708 0.053204
1 0.434078 0.215046 0.033927 0.057167
0 0.059266 0.729611 0.116448 0.240074
0 0.106745 0.523000 0.108156 0.143667
0 0.253078 0.367741 0.060823 0.079667
0 0.583187 0.205373 0.029042 0.044920
0 0.635635 0.228481 0.037042 0.049259
2 0.182630 0.321519 0.157260 0.222704
0 0.603745 0.286167 0.039490 0.056370
0 0.701854 0.314009 0.057042 0.086796
0 0.401187 0.221176 0.029937 0.049648
0 0.338302 0.230065 0.035708 0.050833
2 0.724411 0.550463 0.142594 0.338444
0 0.950854 0.479352 0.100375 0.141704
0 0.382854 0.192139 0.030146 0.045315
0 0.944297 0.887102 0.113490 0.229500
