0 0.614854 0.189762 0.027042 0.042143
0 0.608411 0.257917 0.040823 0.061500
2 0.691302 0.220182 0.092375 0.118783
0 0.169745 0.503843 0.094594 0.135389
0 0.324411 0.413176 0.057260 0.097056
0 0.266964 0.342463 0.064594 0.093111
2 0.276297 0.248234 0.111260 0.166198
0 0.762854 0.333370 0.056375 0.076519
0 0.654411 0.395194 0.053260 0.097463
0 0.438078 0.836676 0.100156 0.245611
0 0.499521 0.206556 0.034604 0.052815
0 0.790302 0.479343 0.078375 0.102204
1 0.871635 0.372676 0.085042 0.111685
0 0.394297 0.243102 0.036156 0.054796
0 0.408406 0.192331 0.029708 0.051228
1 0.239297 0.969472 0.114156 0.064759
0 0.836745 0.929176 0.137927 0.145352
0 0.336187 0.200630 0.025708 0.038593
