0 0.438521 0.791639 0.090813 0.222685
0 0.501964 0.207741 0.030156 0.045704
1 0.283188 0.827194 0.120146 0.245611
0 0.627630 0.188380 0.029927 0.047278
0 0.037931 0.747991 0.073778 0.225463
0 0.241411 0.393417 0.073927 0.124722
1 0.138632 0.415546 0.080820 0.136574
0 0.665187 0.246657 0.035271 0.054796
0 0.694745 0.208333 0.028594 0.042148
0 0.314740 0.299194 0.043708 0.064278
0 0.631854 0.325667 0.045479 0.071370
0 0.710406 0.327444 0.048375 0.071000
0 0.373302 0.253565 0.031042 0.052019
0 0.283073 0.250213 0.036375 0.054796
0 0.341411 0.228083 0.033927 0.055574
0 0.680078 0.468481 0.073927 0.119963
2 0.881297 0.358463 0.200823 0.246000
0 0.400635 0.209917 0.029708 0.045315
0 0.329521 0.193910 0.030146 0.043328
0 0.924630 0.788093 0.152823 0.237704
0 0.773073 0.846944 0.135042 0.251926
0 0.364854 0.200432 0.025708 0.046098
