0 0.439740 0.797176 0.089708 0.222685
0 0.502302 0.211296 0.030375 0.048852
1 0.285297 0.832731 0.118594 0.241648
0 0.467521 0.214657 0.031938 0.052426
1 0.436073 0.214454 0.031708 0.058352
0 0.098189 0.647843 0.130601 0.200574
0 0.636521 0.189966 0.025937 0.040180
0 0.160411 0.459796 0.090594 0.121556
0 0.278854 0.333759 0.055479 0.078889
0 0.588969 0.229269 0.033042 0.050056
0 0.650521 0.255741 0.038812 0.053222
2 0.222630 0.282213 0.134594 0.182796
0 0.617073 0.333176 0.045708 0.072167
0 0.729854 0.368528 0.065479 0.093907
0 0.400630 0.217620 0.028823 0.048870
0 0.348630 0.213472 0.034594 0.048463
2 0.793302 0.733963 0.221708 0.481852
