2 0.060708 0.547296 0.119333 0.334481
0 0.439188 0.797759 0.092146 0.231778
0 0.501740 0.209324 0.035042 0.051241
0 0.628740 0.188583 0.031708 0.040574
1 0.681073 0.178704 0.033708 0.054000
0 0.247630 0.480139 0.077490 0.144870
1 0.282854 0.829963 0.111937 0.242444
0 0.650302 0.249815 0.035708 0.057148
0 0.186188 0.420870 0.059479 0.103778
0 0.306297 0.289324 0.053927 0.093500
1 0.240969 0.293269 0.053042 0.088759
0 0.713297 0.341269 0.051927 0.078093
0 0.744635 0.265019 0.041708 0.059926
0 0.351411 0.237176 0.032594 0.050833
0 0.691521 0.521620 0.077271 0.118796
0 0.811745 0.533269 0.085260 0.127870
0 0.393745 0.211491 0.027490 0.048463
0 0.326411 0.202012 0.033260 0.047680
0 0.368521 0.191938 0.029042 0.046494
0 0.819740 0.885324 0.167042 0.233056
2 0.968078 0.463741 0.065927 0.216370
