0 0.239854 0.595694 0.143708 0.244019
0 0.173411 0.216034 0.065490 0.089154
0 0.561411 0.126753 0.033490 0.053606
0 0.614187 0.142160 0.036813 0.060717
0 0.555969 0.175935 0.044375 0.065056
0 0.482964 0.229074 0.050823 0.078889
2 0.712745 0.160331 0.112156 0.172117
0 0.719745 0.359444 0.083490 0.130259
0 0.615521 0.461370 0.087479 0.161852
0 0.211297 0.158160 0.041260 0.054791
2 0.317521 0.178503 0.098146 0.166587
2 0.933964 0.546500 0.134156 0.464074
0 0.406964 0.140382 0.039260 0.065061
0 0.243188 0.120630 0.037042 0.042148
