0 0.212297 0.659296 0.160156 0.288259
0 0.166078 0.218407 0.068594 0.093111
0 0.560854 0.119049 0.032813 0.052420
0 0.611635 0.133074 0.035708 0.058344
0 0.554854 0.167639 0.042146 0.062685
0 0.481521 0.223942 0.051042 0.078894
2 0.707297 0.149664 0.108823 0.165006
0 0.716411 0.344833 0.079927 0.128667
0 0.612302 0.439444 0.086375 0.157519
0 0.207635 0.158753 0.042375 0.058346
2 0.311964 0.180284 0.098594 0.169357
2 0.927411 0.526759 0.147260 0.466444
0 0.406406 0.138803 0.040375 0.067431
0 0.242078 0.118259 0.035260 0.043730
