0 0.141965 0.799741 0.203486 0.353444
0 0.152078 0.219593 0.073927 0.097852
0 0.558854 0.103049 0.032813 0.051235
0 0.607635 0.111741 0.034375 0.055974
0 0.551854 0.149864 0.042813 0.065061
0 0.478854 0.210905 0.051042 0.081265
2 0.696964 0.125368 0.102823 0.159080
0 0.707411 0.314019 0.073927 0.116815
0 0.606969 0.395593 0.081042 0.143296
0 0.200302 0.154012 0.045042 0.063087
2 0.303630 0.178506 0.104594 0.182394
2 0.917078 0.481722 0.167927 0.452222
0 0.403406 0.136432 0.041042 0.072172
0 0.237411 0.109963 0.035260 0.048470
0 0.747078 0.941815 0.171927 0.120074
3 0.946521 0.852333 0.109042 0.299037
