0 0.091521 0.258315 0.097708 0.114444
0 0.549302 0.121222 0.037708 0.053604
0 0.484521 0.202012 0.050813 0.078494
2 0.674854 0.095741 0.083042 0.123530
0 0.686854 0.252583 0.064812 0.097463
0 0.595078 0.300380 0.066594 0.109315
0 0.178521 0.170407 0.046812 0.058741
2 0.271187 0.222951 0.140604 0.230987
2 0.888964 0.364380 0.224156 0.361352
0 0.396411 0.167250 0.047927 0.087981
0 0.231078 0.109173 0.035490 0.041357
0 0.714854 0.812185 0.170604 0.335667
3 0.908411 0.762065 0.185260 0.479574
0 0.359854 0.124185 0.035271 0.059530
