0 0.083932 0.901713 0.165781 0.200278
0 0.140745 0.227095 0.073490 0.095476
0 0.605854 0.108185 0.033479 0.053604
0 0.551406 0.146308 0.043708 0.062691
0 0.479740 0.210108 0.051042 0.079672
2 0.689411 0.123398 0.092156 0.147241
0 0.699406 0.303741 0.070375 0.107333
0 0.603411 0.371491 0.069490 0.131426
0 0.194297 0.157960 0.044594 0.063080
2 0.297854 0.189173 0.110812 0.194246
2 0.906411 0.447343 0.189260 0.405611
0 0.400745 0.146308 0.042823 0.076124
0 0.237635 0.111148 0.038375 0.050841
0 0.738187 0.907843 0.184375 0.188019
3 0.929630 0.822306 0.142823 0.359093
