0 0.183298 0.729815 0.175486 0.341593
0 0.157745 0.220185 0.073260 0.096667
0 0.560521 0.112531 0.032146 0.051235
0 0.608302 0.125370 0.034375 0.057159
0 0.553854 0.159935 0.038812 0.059130
0 0.478854 0.219201 0.051042 0.078894
2 0.701630 0.140182 0.105490 0.157894
0 0.712745 0.331796 0.076594 0.126296
0 0.608302 0.418704 0.087708 0.153963
0 0.203302 0.159938 0.044375 0.063087
2 0.304964 0.182655 0.096594 0.171728
2 0.921078 0.503648 0.159927 0.458148
0 0.406073 0.138210 0.041042 0.070987
0 0.241078 0.116481 0.033260 0.047285
0 0.747745 0.963148 0.159927 0.077407
3 0.953854 0.871296 0.094375 0.261111
