0 0.476187 0.181271 0.049271 0.079680
0 0.630078 0.113123 0.037927 0.060320
0 0.559969 0.124581 0.039042 0.062691
0 0.027375 0.317176 0.052667 0.091537
2 0.053818 0.601019 0.105552 0.426148
2 0.745078 0.148481 0.158594 0.197407
0 0.177298 0.783000 0.216820 0.437704
0 0.162078 0.165275 0.060156 0.077709
0 0.603630 0.294454 0.065490 0.112463
3 0.811297 0.428185 0.230594 0.421815
0 0.278969 0.251787 0.079708 0.119574
2 0.221411 0.177521 0.161490 0.226254
0 0.339188 0.151247 0.046375 0.070198
2 0.955187 0.552241 0.091708 0.443926
0 0.717854 0.926806 0.189479 0.150093
