0 0.471521 0.156182 0.050146 0.076117
0 0.634411 0.113321 0.040823 0.059135
0 0.561521 0.128531 0.043479 0.069802
2 0.035486 0.413759 0.068889 0.305259
0 0.151741 0.390056 0.112372 0.177259
0 0.649411 0.189963 0.061490 0.088370
0 0.586078 0.243102 0.072156 0.110093
0 0.348854 0.197271 0.057708 0.090346
0 0.731411 0.386500 0.104594 0.146444
2 0.245188 0.123392 0.118813 0.170143
2 0.883964 0.407049 0.234156 0.514643
0 0.675740 0.608537 0.136375 0.243630
0 0.348187 0.114111 0.041271 0.063878
0 0.929854 0.897370 0.142375 0.208963
