0 0.471297 0.158358 0.050156 0.068617
0 0.537521 0.099494 0.040813 0.064667
0 0.655073 0.171593 0.052375 0.077704
0 0.576854 0.179497 0.051042 0.082450
0 0.179969 0.500278 0.139042 0.217556
2 0.081932 0.362997 0.161781 0.375969
0 0.239302 0.256731 0.073708 0.117611
0 0.691969 0.274898 0.083042 0.108907
0 0.617630 0.368926 0.091260 0.152370
0 0.374302 0.139790 0.046375 0.072569
0 0.835188 0.625130 0.171271 0.253111
2 0.280964 0.098902 0.097490 0.144074
2 0.922630 0.501667 0.156823 0.498444
0 0.750745 0.924630 0.175260 0.154444
