0 0.068853 0.273519 0.108816 0.120370
0 0.548297 0.111543 0.032156 0.049259
0 0.482187 0.198460 0.051042 0.072969
2 0.666635 0.087839 0.077708 0.120370
0 0.679969 0.233028 0.057708 0.086796
0 0.591078 0.273519 0.059927 0.100630
0 0.168297 0.176725 0.056594 0.061106
2 0.254964 0.238947 0.149927 0.256661
2 0.879411 0.327836 0.243260 0.327772
0 0.394406 0.176725 0.051042 0.096661
0 0.224964 0.110556 0.032156 0.043333
0 0.697187 0.742648 0.156604 0.304074
3 0.898297 0.739935 0.205490 0.523833
0 0.356078 0.129321 0.036594 0.065061
