0 0.264521 0.545917 0.125042 0.217944
0 0.178745 0.212479 0.065490 0.084413
0 0.562411 0.136827 0.034156 0.054791
0 0.615187 0.154012 0.037479 0.065457
0 0.557302 0.185417 0.044375 0.065056
0 0.481964 0.235000 0.050156 0.078889
2 0.717745 0.173368 0.115490 0.179228
0 0.722411 0.377222 0.087490 0.130259
0 0.617188 0.485667 0.093479 0.167778
0 0.213630 0.158753 0.041927 0.053606
2 0.320188 0.177910 0.092812 0.163031
2 0.940964 0.559537 0.120156 0.440370
0 0.407964 0.143938 0.037260 0.065061
0 0.244521 0.124185 0.038375 0.044519
