0 0.056818 0.283000 0.111552 0.125111
0 0.547964 0.107394 0.034156 0.048074
0 0.482187 0.198460 0.051042 0.075339
2 0.663635 0.083098 0.075708 0.115630
0 0.676969 0.224731 0.054375 0.084426
0 0.588411 0.264630 0.061260 0.099444
0 0.164297 0.181466 0.059260 0.068217
2 0.246630 0.249614 0.157260 0.263772
2 0.877078 0.320725 0.247927 0.330143
0 0.390406 0.185614 0.052375 0.090735
0 0.222297 0.111148 0.034823 0.044519
0 0.688187 0.709463 0.149271 0.285111
3 0.894964 0.732824 0.212156 0.538056
0 0.354745 0.131099 0.039260 0.063876
