0 0.101187 0.254167 0.094375 0.108519
0 0.550635 0.126556 0.037708 0.054789
0 0.484854 0.203790 0.050146 0.077309
2 0.677854 0.098704 0.082375 0.127085
0 0.689187 0.260880 0.062812 0.099833
0 0.597078 0.312824 0.066594 0.105759
0 0.182521 0.169222 0.050813 0.063481
2 0.274854 0.216432 0.129271 0.225061
2 0.892630 0.382157 0.216823 0.385056
0 0.399078 0.162509 0.045260 0.085611
0 0.234411 0.110951 0.035490 0.047283
0 0.724521 0.838509 0.179271 0.326685
3 0.910411 0.772139 0.181260 0.459426
0 0.361187 0.123593 0.037937 0.060715
