0 0.471187 0.156775 0.050813 0.079672
0 0.632745 0.109766 0.040156 0.059135
0 0.559521 0.123197 0.040813 0.066246
2 0.028819 0.419685 0.055555 0.291037
0 0.142074 0.410796 0.113039 0.187926
0 0.646078 0.179296 0.056156 0.081259
0 0.581078 0.231840 0.068823 0.108913
0 0.345521 0.205568 0.057708 0.095087
0 0.724078 0.369907 0.101927 0.141704
2 0.240854 0.129318 0.122146 0.177254
2 0.880964 0.383938 0.240156 0.494494
0 0.669740 0.573574 0.125708 0.228222
0 0.346188 0.118852 0.045271 0.066248
0 0.917854 0.865963 0.166375 0.271778
