0 0.471630 0.159938 0.052156 0.074939
0 0.537740 0.090802 0.044375 0.067037
0 0.649964 0.157963 0.053260 0.078889
0 0.571630 0.167840 0.049927 0.082839
0 0.140519 0.578704 0.158816 0.264556
2 0.073818 0.359447 0.145552 0.355439
0 0.222745 0.277472 0.078823 0.116426
0 0.677188 0.252778 0.076604 0.098630
0 0.608854 0.332778 0.084375 0.140111
0 0.371078 0.152040 0.046594 0.082846
0 0.802187 0.554009 0.153271 0.223093
2 0.272745 0.102654 0.103260 0.150000
2 0.915521 0.493759 0.171042 0.529259
0 0.744411 0.865370 0.186594 0.272963
