0 0.469411 0.155991 0.052156 0.074944
0 0.637187 0.126357 0.043271 0.067037
0 0.562740 0.139197 0.047708 0.076913
0 0.061599 0.822898 0.121115 0.357907
2 0.047153 0.395000 0.092222 0.319889
0 0.176078 0.354500 0.103260 0.167778
0 0.657740 0.206361 0.064375 0.092722
0 0.589411 0.262648 0.076594 0.114444
0 0.354411 0.181669 0.053260 0.082846
0 0.748297 0.425611 0.112156 0.155926
2 0.255521 0.122405 0.108812 0.169746
2 0.889964 0.456234 0.222156 0.572717
0 0.694411 0.683398 0.153260 0.300130
0 0.352740 0.105617 0.041042 0.061111
0 0.953854 0.962157 0.094375 0.079389
