0 0.470745 0.155991 0.050823 0.074944
0 0.635854 0.119246 0.041937 0.062296
0 0.562406 0.133864 0.045708 0.073357
0 0.050264 0.849565 0.098445 0.304574
2 0.041486 0.405074 0.080889 0.313963
0 0.163411 0.371685 0.108594 0.171333
0 0.653406 0.198657 0.063708 0.091537
0 0.588411 0.253167 0.074594 0.112074
0 0.351745 0.189373 0.055927 0.086402
0 0.739630 0.405463 0.108156 0.151185
2 0.250187 0.121812 0.114146 0.168561
2 0.886964 0.431345 0.228156 0.541902
0 0.684411 0.645472 0.145260 0.269315
0 0.350406 0.109765 0.040375 0.062296
0 0.941854 0.929565 0.118375 0.144574
