0 0.475521 0.177716 0.046604 0.074939
0 0.631078 0.118456 0.039927 0.059135
0 0.561635 0.129321 0.041042 0.065061
0 0.032708 0.310065 0.063333 0.098648
2 0.067151 0.588574 0.132219 0.470000
2 0.751078 0.157963 0.166594 0.209259
0 0.208297 0.714009 0.198823 0.432463
0 0.166078 0.159942 0.058823 0.078894
0 0.606630 0.308083 0.068823 0.118389
3 0.823297 0.448333 0.259927 0.438407
0 0.288302 0.239935 0.074375 0.112463
2 0.226078 0.172781 0.158823 0.219143
0 0.342187 0.147099 0.044375 0.069013
2 0.962187 0.565870 0.077708 0.416667
0 0.720521 0.949324 0.185479 0.105056
