0 0.105932 0.850750 0.209781 0.302204
0 0.146411 0.221169 0.074156 0.097846
0 0.606854 0.104037 0.034146 0.054789
0 0.550740 0.143938 0.045042 0.067431
0 0.479073 0.206553 0.051042 0.082043
2 0.692745 0.117472 0.098823 0.156722
0 0.702740 0.302556 0.071708 0.109704
0 0.605411 0.378009 0.074823 0.134981
0 0.197297 0.152037 0.045260 0.063085
2 0.301521 0.179099 0.110146 0.190691
2 0.912411 0.462157 0.177260 0.437611
0 0.401411 0.138012 0.041490 0.073754
0 0.235635 0.107000 0.037042 0.049656
0 0.744521 0.922657 0.181042 0.158389
3 0.938630 0.835343 0.124823 0.333019
