0 0.080519 0.265222 0.102816 0.118000
0 0.548630 0.116283 0.035490 0.051630
0 0.483521 0.200238 0.051042 0.076524
2 0.670969 0.091987 0.081042 0.121556
0 0.683635 0.243102 0.062375 0.092722
0 0.593078 0.287148 0.063927 0.106556
0 0.173630 0.173169 0.049927 0.058735
2 0.263964 0.230651 0.146594 0.242439
2 0.884411 0.346206 0.233260 0.343180
0 0.395073 0.171984 0.049708 0.091920
0 0.227964 0.109370 0.034156 0.040963
0 0.705854 0.779389 0.163271 0.325407
3 0.903964 0.751194 0.194156 0.501315
0 0.358078 0.126358 0.035260 0.061506
