0 0.470297 0.159544 0.050823 0.073357
0 0.538521 0.104828 0.040146 0.063481
0 0.657073 0.179889 0.056375 0.080074
0 0.579187 0.187794 0.054375 0.087191
0 0.196635 0.469463 0.129708 0.200963
2 0.087932 0.358849 0.173781 0.384265
0 0.245635 0.247843 0.071708 0.109315
0 0.697969 0.287935 0.085708 0.116019
0 0.622297 0.388481 0.095260 0.165407
0 0.377302 0.138605 0.045708 0.077309
0 0.854187 0.666611 0.185271 0.272074
2 0.283964 0.096531 0.096823 0.144074
2 0.927297 0.510556 0.147490 0.483037
0 0.756411 0.957222 0.161260 0.089259
