0 0.471630 0.158753 0.050823 0.070198
0 0.537406 0.094950 0.042375 0.065852
0 0.652630 0.164481 0.051927 0.077704
0 0.574297 0.173173 0.049927 0.081654
0 0.160853 0.537815 0.148816 0.239667
2 0.077484 0.362410 0.152885 0.366106
0 0.231411 0.266806 0.076156 0.118796
0 0.684854 0.263444 0.079937 0.103370
0 0.613187 0.350556 0.087708 0.144852
0 0.372411 0.144926 0.046594 0.075730
0 0.818187 0.588380 0.161271 0.237315
2 0.277078 0.100876 0.099927 0.146444
2 0.918854 0.496722 0.164375 0.513852
0 0.747078 0.894407 0.182594 0.214889
