0 0.092964 0.794602 0.149927 0.261796
0 0.785521 0.824231 0.192812 0.266537
0 0.508406 0.595685 0.107042 0.166593
0 0.194187 0.478556 0.071938 0.129074
0 0.394521 0.468880 0.082375 0.149204
0 0.739740 0.323296 0.069708 0.067444
0 0.733969 0.396778 0.077708 0.082444
0 0.465521 0.439046 0.079479 0.110093
0 0.525411 0.421861 0.076594 0.101019
0 0.809297 0.400528 0.083490 0.079685
0 0.309521 0.380778 0.063938 0.109704
0 0.483630 0.359444 0.059260 0.074926
0 0.366297 0.348583 0.056156 0.076130
0 0.905073 0.529917 0.135042 0.111685
