0 0.099965 0.815935 0.142153 0.266537
0 0.569854 0.847991 0.192604 0.307722
0 0.789854 0.866954 0.234375 0.269796
0 0.664745 0.607546 0.122823 0.168167
0 0.411297 0.578898 0.122156 0.211241
0 0.664964 0.504231 0.113490 0.128278
0 0.437854 0.478361 0.079708 0.118389
0 0.640630 0.349565 0.067490 0.063870
0 0.246964 0.412778 0.085927 0.118407
1 0.784188 0.367352 0.091938 0.097852
0 0.382078 0.392630 0.061490 0.092333
0 0.478187 0.365167 0.068375 0.094296
0 0.917854 0.539398 0.166375 0.128278
2 0.931630 0.382361 0.138823 0.255870
