0 0.661630 0.868333 0.192156 0.267037
0 0.186078 0.436481 0.063260 0.106556
0 0.438854 0.635981 0.115479 0.185556
0 0.646630 0.634009 0.159927 0.229019
2 0.727187 0.274509 0.134375 0.165796
0 0.389411 0.470065 0.076594 0.118389
0 0.707187 0.580676 0.118813 0.146056
0 0.726635 0.364380 0.071042 0.076907
0 0.656078 0.358463 0.069927 0.072963
0 0.519406 0.476972 0.094375 0.116426
0 0.144967 0.584630 0.087711 0.169741
0 0.897188 0.458204 0.107708 0.090741
0 0.495521 0.368333 0.068812 0.088778
2 0.369964 0.312037 0.095490 0.157889
