0 0.648630 0.851296 0.182156 0.270889
0 0.185745 0.432333 0.062594 0.100630
0 0.434188 0.621759 0.112812 0.183185
0 0.631297 0.615639 0.155927 0.213611
2 0.734188 0.276880 0.139042 0.170537
0 0.385078 0.461176 0.074594 0.110093
0 0.688187 0.562898 0.112812 0.136574
0 0.734969 0.369120 0.071708 0.081648
0 0.665745 0.365574 0.071927 0.075333
0 0.510740 0.468676 0.090375 0.114056
0 0.146967 0.571000 0.086378 0.159074
0 0.911521 0.467093 0.109708 0.091926
0 0.487854 0.360037 0.064146 0.086407
2 0.367964 0.307296 0.095490 0.155519
