0 0.405188 0.635981 0.144604 0.235333
0 0.667188 0.880972 0.197938 0.241759
0 0.738854 0.718750 0.176813 0.276019
0 0.673187 0.325074 0.059708 0.059926
0 0.471187 0.501269 0.089479 0.130241
0 0.709854 0.560722 0.132146 0.139333
0 0.182188 0.393417 0.057271 0.096278
0 0.356740 0.428185 0.069042 0.112074
0 0.742411 0.414167 0.092823 0.087185
0 0.578969 0.429176 0.087708 0.099833
0 0.443854 0.386315 0.073042 0.114444
2 0.922188 0.368333 0.157708 0.238889
0 0.331073 0.336731 0.045708 0.071389
0 0.464630 0.332778 0.058594 0.074556
0 0.963188 0.512333 0.075708 0.100222
