0 0.644635 0.881370 0.183042 0.240963
0 0.159078 0.601815 0.096823 0.169370
0 0.459078 0.610509 0.118156 0.223870
0 0.648740 0.333769 0.061042 0.056759
0 0.570854 0.588778 0.129271 0.167000
0 0.586969 0.499102 0.091708 0.126685
0 0.715521 0.341269 0.063479 0.063093
0 0.346854 0.457028 0.086604 0.148426
0 0.554964 0.417315 0.085927 0.091926
0 0.397745 0.403296 0.062156 0.091519
0 0.738302 0.416333 0.089042 0.078111
0 0.212635 0.380380 0.077708 0.113648
1 0.903411 0.440241 0.124594 0.132222
0 0.354630 0.344833 0.054594 0.078889
