0 0.116630 0.707093 0.133260 0.221111
0 0.552188 0.890065 0.202146 0.223574
0 0.716630 0.710056 0.153260 0.215185
0 0.483854 0.543148 0.092146 0.142111
0 0.200521 0.452287 0.063271 0.118389
0 0.381078 0.435500 0.075490 0.132222
0 0.768302 0.336722 0.074375 0.072963
0 0.766078 0.416731 0.083260 0.082833
0 0.443297 0.407843 0.068823 0.100611
0 0.509969 0.400926 0.071042 0.094704
0 0.844411 0.418704 0.093260 0.086778
0 0.302745 0.362407 0.058823 0.104556
0 0.468302 0.340676 0.054375 0.069019
0 0.356635 0.331796 0.051042 0.067037
0 0.948297 0.575741 0.105490 0.128259
