0 0.130186 0.669769 0.120816 0.207278
0 0.501854 0.824435 0.172146 0.267722
0 0.681635 0.662065 0.139708 0.195833
0 0.626630 0.331194 0.059927 0.065056
0 0.469630 0.513315 0.086823 0.132222
0 0.203854 0.438259 0.064604 0.116407
0 0.374078 0.421870 0.073490 0.123926
0 0.791521 0.349565 0.083042 0.077315
0 0.788854 0.434500 0.087042 0.088370
0 0.434964 0.392630 0.068156 0.097074
0 0.502297 0.391639 0.066823 0.087981
0 0.871630 0.436278 0.098823 0.087185
0 0.297854 0.352926 0.052146 0.100630
0 0.461635 0.333769 0.051708 0.065463
