0 0.623073 0.803093 0.168375 0.247185
0 0.185964 0.421667 0.061260 0.103000
0 0.424411 0.594111 0.106594 0.173704
0 0.927411 0.848333 0.147260 0.253889
0 0.603297 0.582065 0.142594 0.195426
2 0.749969 0.287944 0.148375 0.173704
0 0.376854 0.444981 0.071479 0.106148
0 0.653297 0.527343 0.105260 0.130241
0 0.754302 0.379389 0.073042 0.089556
0 0.687745 0.378204 0.075927 0.080074
0 0.493411 0.447352 0.084156 0.106148
0 0.151854 0.548481 0.083708 0.153556
0 0.941745 0.484083 0.118594 0.095870
0 0.474302 0.344231 0.058375 0.083241
