0 0.108521 0.783944 0.137042 0.253111
0 0.553187 0.822454 0.182375 0.319093
0 0.757073 0.842806 0.219042 0.289463
0 0.654745 0.592528 0.117927 0.163426
0 0.402521 0.560926 0.117479 0.201370
0 0.649635 0.491991 0.110375 0.123537
0 0.432521 0.468287 0.077042 0.114056
0 0.649854 0.356880 0.069042 0.069019
0 0.243854 0.409611 0.085479 0.121556
1 0.795411 0.374463 0.094823 0.102593
0 0.377854 0.385917 0.061042 0.089944
0 0.472521 0.360037 0.067708 0.093519
0 0.926521 0.553620 0.149042 0.133019
2 0.938521 0.385722 0.125042 0.253111
