0 0.077708 0.857472 0.153333 0.288759
0 0.841630 0.877222 0.225490 0.249259
0 0.529411 0.631056 0.116594 0.179630
0 0.189411 0.497713 0.078823 0.130241
0 0.404964 0.486852 0.089927 0.155926
0 0.715521 0.380185 0.075479 0.076926
0 0.478854 0.459194 0.086604 0.116426
0 0.536635 0.429565 0.077708 0.104574
0 0.788854 0.383148 0.082146 0.074926
0 0.314969 0.391046 0.067708 0.118389
0 0.492745 0.370315 0.065490 0.084815
0 0.372188 0.354509 0.055479 0.076907
0 0.865521 0.499694 0.124375 0.106537
0 0.194411 0.364380 0.073260 0.100611
