0 0.487188 0.782157 0.188604 0.323833
0 0.891521 0.879991 0.219042 0.243722
0 0.522521 0.592731 0.111271 0.159870
0 0.911188 0.780185 0.179708 0.218741
0 0.182630 0.391046 0.059490 0.092315
0 0.381854 0.479343 0.082812 0.129056
0 0.654740 0.345426 0.070375 0.070593
0 0.682969 0.526556 0.117042 0.136556
0 0.496078 0.448333 0.096156 0.139741
2 0.866745 0.330806 0.207260 0.227833
0 0.344964 0.367741 0.055260 0.084407
0 0.524630 0.388481 0.070594 0.087185
0 0.879297 0.448139 0.106594 0.110093
0 0.848630 0.480528 0.118594 0.114833
0 0.424411 0.355102 0.060823 0.078093
0 0.139964 0.461565 0.101260 0.123537
