0 0.182745 0.526954 0.088594 0.141315
0 0.537964 0.893417 0.174156 0.216870
0 0.089745 0.874852 0.152823 0.254000
0 0.350078 0.516676 0.085927 0.137352
0 0.551187 0.479148 0.085042 0.123148
0 0.731521 0.353907 0.063479 0.064667
0 0.718187 0.401120 0.082604 0.076907
0 0.417411 0.409417 0.061490 0.095870
0 0.225406 0.370907 0.050375 0.083630
0 0.341630 0.362213 0.056594 0.094685
0 0.943854 0.442019 0.114375 0.102593
0 0.946630 0.560731 0.108823 0.118796
0 0.392630 0.332972 0.050594 0.070981
0 0.455635 0.338704 0.051708 0.069815
