0 0.596078 0.916731 0.202823 0.170241
0 0.589740 0.733370 0.147042 0.219926
0 0.185521 0.409611 0.057708 0.097852
0 0.411297 0.558750 0.099927 0.162241
0 0.866297 0.729620 0.188594 0.217167
0 0.568630 0.539398 0.126594 0.176463
2 0.778188 0.298796 0.162146 0.191481
0 0.366521 0.421463 0.065479 0.097852
0 0.609073 0.478361 0.095042 0.116019
0 0.784521 0.394213 0.081479 0.085204
0 0.724969 0.399944 0.085042 0.084815
0 0.472188 0.419889 0.077708 0.099444
0 0.153521 0.515889 0.079479 0.137370
0 0.963630 0.510556 0.074823 0.105370
