0 0.530521 0.845028 0.211708 0.313648
0 0.544745 0.642704 0.122823 0.181593
0 0.182302 0.398954 0.057042 0.093907
0 0.392188 0.506407 0.089708 0.144481
0 0.630078 0.330407 0.063260 0.065074
0 0.737854 0.588981 0.136146 0.157111
0 0.521188 0.483296 0.105479 0.155148
2 0.834078 0.319148 0.193927 0.217148
0 0.352411 0.386111 0.058156 0.088778
0 0.552964 0.420083 0.076594 0.098241
0 0.842411 0.428380 0.093260 0.100611
0 0.797411 0.446944 0.104156 0.101407
0 0.440521 0.379194 0.065937 0.086796
0 0.148078 0.480333 0.094823 0.126296
