0 0.170521 0.556972 0.096604 0.153944
0 0.076042 0.931546 0.150000 0.140611
0 0.373297 0.564880 0.099927 0.157907
0 0.579411 0.512537 0.103260 0.132222
0 0.705521 0.333769 0.055479 0.059130
0 0.688302 0.378204 0.074375 0.072963
0 0.429411 0.432537 0.063260 0.102593
0 0.219411 0.389074 0.056594 0.090741
0 0.348854 0.375250 0.057708 0.098648
0 0.895521 0.413759 0.102146 0.096667
0 0.902740 0.520435 0.121042 0.112463
0 0.401630 0.347593 0.049927 0.074926
0 0.466078 0.348574 0.056594 0.072963
0 0.971078 0.521417 0.059927 0.110500
