0 0.137519 0.649620 0.116816 0.195426
0 0.479188 0.776435 0.158812 0.247574
0 0.666635 0.636583 0.132375 0.185167
0 0.633297 0.338306 0.059927 0.065056
0 0.463630 0.500870 0.084156 0.126296
0 0.207187 0.431741 0.061937 0.110481
0 0.371411 0.416537 0.070823 0.122741
0 0.802854 0.358454 0.085708 0.078500
0 0.800521 0.443389 0.091708 0.087185
0 0.429964 0.388481 0.066156 0.098259
0 0.497630 0.384528 0.064156 0.085611
0 0.884964 0.447537 0.105490 0.088370
0 0.296521 0.348185 0.052146 0.100630
0 0.458302 0.330806 0.050375 0.066648
