0 0.897630 0.904083 0.206823 0.195537
0 0.614635 0.911787 0.199042 0.180130
0 0.952078 0.827000 0.097927 0.208852
0 0.542188 0.698407 0.132375 0.214000
0 0.312745 0.484083 0.095260 0.159870
0 0.455521 0.508185 0.093708 0.135370
0 0.559188 0.458611 0.093042 0.147630
0 0.695521 0.384333 0.090146 0.085222
2 0.807964 0.303935 0.171490 0.197796
0 0.835964 0.415352 0.093260 0.082444
0 0.401187 0.360824 0.056146 0.084019
0 0.508297 0.369519 0.064594 0.085593
0 0.181630 0.381370 0.056594 0.090333
0 0.329630 0.340685 0.051260 0.082444
