0 0.413078 0.650009 0.150156 0.244426
0 0.681187 0.898361 0.197938 0.206981
0 0.755745 0.742657 0.183927 0.291426
0 0.477521 0.510954 0.091479 0.135389
0 0.729854 0.579296 0.139708 0.148037
0 0.181964 0.392037 0.057260 0.094296
0 0.359302 0.433519 0.071042 0.114037
0 0.730969 0.404870 0.089042 0.086000
0 0.589969 0.439046 0.091042 0.104574
0 0.449964 0.392833 0.075927 0.118000
2 0.917078 0.365176 0.167927 0.244426
0 0.332297 0.338509 0.046823 0.072574
0 0.471078 0.337519 0.059927 0.076111
0 0.955964 0.501074 0.090156 0.098259
0 0.962411 0.586806 0.077260 0.126685
