0 0.612745 0.934509 0.198823 0.134685
0 0.599406 0.753519 0.154375 0.227037
0 0.185521 0.413759 0.057708 0.096667
0 0.414964 0.568824 0.103260 0.165796
0 0.897188 0.769324 0.207708 0.234944
0 0.579964 0.553028 0.133260 0.177648
2 0.768854 0.295241 0.155479 0.179630
0 0.370521 0.428574 0.065479 0.102593
0 0.622740 0.493769 0.101042 0.118389
0 0.773854 0.387102 0.078812 0.082833
0 0.711635 0.394019 0.081042 0.084815
0 0.478854 0.427593 0.077708 0.100630
0 0.153854 0.525370 0.078812 0.142111
0 0.956630 0.501667 0.088823 0.106556
0 0.460521 0.327833 0.056604 0.078889
