0 0.077151 0.881176 0.152219 0.241352
0 0.615521 0.904880 0.202146 0.193944
0 0.873854 0.931546 0.221042 0.140611
0 0.699411 0.657722 0.138823 0.185556
0 0.442745 0.634009 0.136594 0.236907
0 0.713297 0.539194 0.126594 0.134204
0 0.454411 0.509565 0.088823 0.134204
0 0.614969 0.328833 0.061042 0.061111
0 0.259964 0.424630 0.088823 0.126296
1 0.749969 0.349574 0.084375 0.090741
0 0.393854 0.410806 0.069937 0.098648
0 0.494411 0.383148 0.075490 0.110481
0 0.853297 0.494750 0.135490 0.112463
2 0.913297 0.369324 0.175490 0.264574
0 0.967187 0.524380 0.067708 0.112463
