0 0.607078 0.815546 0.163927 0.256278
0 0.167964 0.571389 0.091490 0.155926
0 0.443740 0.574157 0.112375 0.206500
0 0.664297 0.345620 0.061927 0.063093
0 0.541078 0.547694 0.115927 0.152759
0 0.572964 0.479741 0.088594 0.119593
0 0.732187 0.351148 0.065708 0.063889
0 0.337745 0.438852 0.080823 0.138926
0 0.538078 0.405074 0.081490 0.091148
0 0.391078 0.390259 0.062156 0.089148
0 0.766297 0.434111 0.097927 0.086778
0 0.208411 0.377222 0.077260 0.112074
1 0.934854 0.453667 0.132375 0.127481
0 0.349078 0.334944 0.050594 0.071778
