0 0.123297 0.688722 0.126594 0.215185
0 0.526521 0.867546 0.186812 0.268611
0 0.698630 0.686352 0.146594 0.205704
0 0.476521 0.527741 0.089479 0.137370
0 0.201854 0.445176 0.064604 0.118389
0 0.377411 0.428389 0.074823 0.127481
0 0.779969 0.342648 0.079042 0.075333
0 0.777411 0.425620 0.084594 0.086389
0 0.439297 0.399546 0.068823 0.098241
0 0.506302 0.396778 0.069042 0.091148
0 0.858078 0.427000 0.095260 0.086778
0 0.300078 0.357667 0.054823 0.102185
0 0.464969 0.337120 0.053042 0.066648
0 0.354969 0.328833 0.050375 0.065852
0 0.959630 0.591148 0.082823 0.118778
