0 0.062151 0.942407 0.122219 0.118889
0 0.589411 0.778213 0.156594 0.240870
0 0.173297 0.558944 0.088823 0.150000
0 0.436073 0.559935 0.107708 0.199389
0 0.671630 0.351546 0.063260 0.063093
0 0.527745 0.532287 0.113260 0.148019
0 0.566630 0.472037 0.086594 0.118407
0 0.740521 0.356481 0.067708 0.065074
0 0.332745 0.430556 0.078823 0.134185
0 0.529411 0.400926 0.078823 0.094704
0 0.387745 0.386111 0.062156 0.092704
0 0.781630 0.445370 0.103260 0.092704
0 0.206078 0.377222 0.076594 0.114444
1 0.942187 0.463148 0.117708 0.132222
0 0.346078 0.330796 0.049927 0.072963
