0 0.685745 0.890657 0.202594 0.222389
0 0.185630 0.447148 0.063260 0.106556
0 0.449745 0.666407 0.126594 0.197407
0 0.680297 0.673713 0.185490 0.247574
0 0.397302 0.484685 0.083042 0.119185
0 0.748302 0.624333 0.135708 0.159074
0 0.711078 0.354898 0.071490 0.076130
0 0.635745 0.346602 0.063490 0.071389
0 0.537302 0.499102 0.103042 0.123537
0 0.139186 0.617611 0.094816 0.179630
0 0.870630 0.441815 0.098156 0.088778
0 0.514745 0.383148 0.072594 0.099444
2 0.376969 0.322907 0.101042 0.170148
0 0.957745 0.587787 0.086594 0.120759
