0 0.421078 0.663639 0.155490 0.252722
0 0.692187 0.916731 0.193271 0.170241
0 0.772745 0.766361 0.189927 0.308019
0 0.483854 0.520435 0.092146 0.140130
0 0.750521 0.599444 0.147708 0.159889
0 0.181630 0.389074 0.056594 0.090741
0 0.361635 0.439444 0.074375 0.116407
0 0.719969 0.395981 0.084375 0.084815
0 0.601635 0.450306 0.094375 0.110500
0 0.456630 0.399944 0.079927 0.120370
2 0.912745 0.363398 0.176594 0.252722
0 0.333297 0.339694 0.048823 0.074944
0 0.477745 0.341667 0.059927 0.074926
0 0.948297 0.489815 0.105490 0.094704
0 0.951078 0.573769 0.099927 0.136167
0 0.398854 0.323889 0.053271 0.067037
