0 0.515630 0.832778 0.204594 0.338148
0 0.914854 0.916333 0.172375 0.171037
0 0.537188 0.626315 0.119271 0.174889
0 0.946078 0.831935 0.109927 0.162648
0 0.181964 0.395787 0.057260 0.093907
0 0.388740 0.496731 0.087708 0.140130
0 0.638521 0.334352 0.066375 0.065852
0 0.717854 0.565667 0.129937 0.148407
0 0.512969 0.470852 0.102375 0.146852
2 0.846073 0.322898 0.199708 0.221500
0 0.349187 0.378407 0.057479 0.085222
0 0.542854 0.410213 0.074146 0.095870
0 0.854187 0.433917 0.099042 0.102204
0 0.813745 0.457222 0.107490 0.106148
0 0.435297 0.370509 0.064823 0.082056
0 0.146186 0.473815 0.096816 0.122741
