0 0.075375 0.872287 0.148667 0.259130
0 0.871297 0.896778 0.231490 0.210148
0 0.539078 0.658907 0.122594 0.190296
0 0.185411 0.508380 0.078823 0.134981
0 0.410297 0.499296 0.092594 0.161852
0 0.705854 0.374259 0.073479 0.074556
0 0.488188 0.472231 0.090604 0.121167
0 0.542969 0.438454 0.078375 0.108130
0 0.778187 0.377815 0.079479 0.073741
0 0.318969 0.400528 0.069042 0.125500
0 0.500745 0.374463 0.068156 0.081259
0 0.375188 0.361028 0.056146 0.078093
0 0.847188 0.487250 0.118375 0.100611
0 0.196745 0.365565 0.073927 0.100611
