0 0.545521 0.857472 0.217708 0.288759
0 0.552745 0.658704 0.125490 0.187519
0 0.183302 0.401917 0.057708 0.092722
0 0.395521 0.516481 0.091042 0.148037
0 0.621078 0.326852 0.059927 0.065074
0 0.758854 0.613278 0.142146 0.167778
0 0.528854 0.495741 0.108812 0.165815
2 0.821078 0.315000 0.186594 0.211222
0 0.356078 0.395000 0.058823 0.094704
0 0.563297 0.429565 0.079927 0.100611
0 0.831078 0.423639 0.086594 0.100611
0 0.781078 0.437463 0.102156 0.096667
0 0.445521 0.388083 0.066604 0.092722
0 0.149411 0.486852 0.092156 0.132222
