0 0.091632 0.843194 0.152153 0.278389
0 0.584521 0.863991 0.200604 0.275722
0 0.819521 0.883546 0.244375 0.236611
0 0.674078 0.622954 0.128156 0.175278
0 0.420297 0.597269 0.125490 0.217167
0 0.681630 0.514898 0.117490 0.128278
0 0.443188 0.488435 0.082375 0.124315
0 0.630964 0.340676 0.066823 0.060315
0 0.249630 0.412778 0.087260 0.118407
1 0.771854 0.361426 0.091271 0.095481
0 0.386745 0.397370 0.062823 0.097074
0 0.484521 0.367537 0.070375 0.099037
0 0.893521 0.525176 0.149708 0.128278
2 0.924964 0.377028 0.152156 0.259426
