0 0.688078 0.901324 0.187260 0.201056
0 0.185964 0.452481 0.066594 0.112481
0 0.457411 0.680630 0.129927 0.209259
0 0.699630 0.692083 0.192156 0.255870
0 0.402635 0.492981 0.085708 0.121556
0 0.773302 0.651593 0.143042 0.168556
0 0.702745 0.350157 0.069490 0.073759
0 0.626411 0.340676 0.060823 0.066648
0 0.545969 0.509176 0.105708 0.127093
0 0.135186 0.633611 0.102816 0.185556
0 0.857630 0.434111 0.096156 0.082852
0 0.524078 0.395000 0.073927 0.101815
2 0.379635 0.325870 0.101042 0.171333
0 0.946078 0.573565 0.109927 0.127870
