0 0.123854 0.724685 0.127708 0.231778
0 0.522521 0.765565 0.159708 0.314352
0 0.694740 0.758657 0.187708 0.251537
0 0.634078 0.561713 0.111260 0.151574
0 0.385854 0.530704 0.108146 0.183593
0 0.621969 0.468880 0.103042 0.110500
0 0.422187 0.448139 0.072375 0.109315
0 0.669521 0.369917 0.073708 0.073759
0 0.235187 0.400722 0.080146 0.122741
1 0.818745 0.388093 0.101490 0.106148
0 0.372187 0.373472 0.059042 0.084019
0 0.463854 0.347593 0.063708 0.092333
0 0.946854 0.583843 0.108375 0.141315
2 0.952521 0.389278 0.097042 0.246000
