0 0.179411 0.534657 0.091260 0.144870
0 0.555297 0.918306 0.176823 0.167093
0 0.081266 0.891444 0.160448 0.220815
0 0.357078 0.529120 0.090594 0.140907
0 0.559854 0.488630 0.090375 0.125519
0 0.722854 0.346204 0.060813 0.063481
0 0.707854 0.392824 0.080604 0.076907
0 0.421411 0.417120 0.062823 0.099426
0 0.225073 0.375648 0.055042 0.086000
0 0.344964 0.364583 0.056594 0.094685
0 0.925854 0.431944 0.111708 0.096667
0 0.938297 0.548287 0.125490 0.119981
0 0.395630 0.336528 0.052594 0.070981
0 0.459302 0.344630 0.053708 0.072185
