0 0.100297 0.763787 0.143260 0.247574
0 0.760521 0.784528 0.181479 0.248759
0 0.500406 0.575537 0.101708 0.157111
0 0.195187 0.468481 0.071271 0.125519
0 0.389854 0.456435 0.079708 0.140907
0 0.749073 0.327444 0.072375 0.068630
0 0.744302 0.402111 0.081042 0.081259
0 0.458854 0.428972 0.078146 0.108907
0 0.521745 0.413565 0.073260 0.096278
0 0.822297 0.405269 0.084156 0.082056
0 0.306521 0.373667 0.059271 0.107333
0 0.477964 0.353519 0.057260 0.074926
0 0.363630 0.342657 0.054823 0.073759
0 0.928964 0.543546 0.144156 0.115241
