0 0.068932 0.903491 0.135781 0.196722
0 0.908521 0.946157 0.185042 0.111389
0 0.563745 0.713815 0.134594 0.216370
0 0.179187 0.531296 0.084146 0.141296
0 0.422302 0.527343 0.097042 0.180019
0 0.688745 0.363981 0.066823 0.072963
0 0.507745 0.500676 0.098594 0.135389
0 0.554745 0.455444 0.081490 0.110481
0 0.758630 0.367944 0.075927 0.072963
0 0.326969 0.416333 0.071708 0.127074
0 0.514073 0.385907 0.071708 0.083630
0 0.381188 0.372481 0.059271 0.083630
0 0.812745 0.463935 0.110823 0.095093
0 0.200521 0.371093 0.073479 0.103778
1 0.956297 0.482704 0.089490 0.135000
