0 0.667188 0.923639 0.181042 0.156426
0 0.351078 0.546111 0.119927 0.187519
0 0.537740 0.653759 0.131042 0.185556
0 0.634411 0.565870 0.122156 0.191481
0 0.611630 0.325870 0.065490 0.067037
2 0.729406 0.269574 0.127708 0.167778
0 0.739406 0.361417 0.074375 0.070981
0 0.431630 0.423639 0.069927 0.100611
0 0.587745 0.451296 0.093260 0.112481
0 0.182745 0.388093 0.056594 0.096667
0 0.338854 0.381176 0.057708 0.094685
0 0.864964 0.502657 0.129927 0.112463
0 0.506078 0.363389 0.065490 0.078889
0 0.404411 0.336731 0.059927 0.092722
