0 0.685078 0.942806 0.171490 0.118093
0 0.143298 0.657519 0.111486 0.197815
0 0.487969 0.676287 0.136375 0.255870
0 0.624078 0.660287 0.150823 0.197796
0 0.607630 0.525769 0.102823 0.129463
0 0.691854 0.327046 0.060146 0.060722
0 0.363964 0.492389 0.095490 0.165407
0 0.586078 0.439241 0.096594 0.093111
0 0.409406 0.425620 0.067708 0.100611
0 0.701740 0.391241 0.080375 0.077704
0 0.218854 0.389074 0.070146 0.115222
1 0.859630 0.413769 0.112594 0.118796
0 0.363854 0.357870 0.057937 0.076519
0 0.450411 0.332185 0.058594 0.087593
