0 0.449740 0.713815 0.164375 0.288259
0 0.839187 0.839694 0.233479 0.324315
0 0.501630 0.551444 0.100156 0.150778
0 0.827406 0.684981 0.178375 0.199778
0 0.182188 0.387889 0.058146 0.093111
0 0.370740 0.456824 0.079708 0.126685
0 0.685630 0.369315 0.076594 0.078889
0 0.637521 0.484481 0.100375 0.121148
0 0.475630 0.420278 0.085927 0.123926
2 0.897521 0.345028 0.207042 0.242056
0 0.340521 0.351343 0.051708 0.078500
0 0.501406 0.362611 0.066375 0.081259
0 0.918521 0.471046 0.121938 0.107722
0 0.907411 0.520833 0.132156 0.127481
0 0.410969 0.338509 0.054375 0.074944
