0 0.431078 0.674306 0.158156 0.259833
0 0.713854 0.936880 0.187271 0.129944
0 0.794745 0.791843 0.205927 0.318685
0 0.489187 0.528139 0.094812 0.143685
0 0.774521 0.626111 0.157042 0.170556
0 0.181964 0.385519 0.058594 0.088370
0 0.363635 0.444185 0.077042 0.118778
0 0.707635 0.384722 0.082375 0.081259
0 0.613302 0.458009 0.096375 0.114056
0 0.462964 0.404093 0.081927 0.121556
2 0.907078 0.353324 0.187927 0.244426
0 0.334964 0.341472 0.049490 0.076130
0 0.486078 0.347593 0.060594 0.074926
0 0.941964 0.483296 0.118156 0.100630
0 0.941411 0.554806 0.119260 0.133796
0 0.403187 0.327444 0.056604 0.067037
