0 0.672745 0.919694 0.185490 0.164315
0 0.148298 0.635000 0.105486 0.183593
0 0.476635 0.650806 0.131042 0.242833
0 0.634411 0.322907 0.055490 0.061111
0 0.604411 0.633028 0.142156 0.183574
0 0.601630 0.517472 0.098823 0.134204
0 0.698854 0.331787 0.062146 0.063093
0 0.358297 0.479944 0.092156 0.161852
0 0.574411 0.428574 0.093260 0.090741
0 0.406073 0.419694 0.067708 0.100611
0 0.714406 0.398944 0.084375 0.078889
0 0.217188 0.383148 0.072146 0.110481
1 0.873297 0.422657 0.119927 0.122352
0 0.360521 0.352537 0.056604 0.072963
0 0.446078 0.326852 0.056594 0.088778
