0 0.081151 0.866361 0.160219 0.270981
0 0.599854 0.883546 0.202812 0.236611
0 0.847187 0.906065 0.237042 0.191574
0 0.686078 0.639944 0.133490 0.180815
0 0.431078 0.615639 0.130594 0.226241
0 0.697630 0.526750 0.121927 0.130648
0 0.448745 0.498898 0.085490 0.129463
0 0.622635 0.334167 0.064375 0.059926
0 0.254297 0.417519 0.088156 0.121556
1 0.760635 0.355500 0.088375 0.093111
0 0.390521 0.403694 0.065937 0.098648
0 0.489745 0.374259 0.072823 0.104556
0 0.873630 0.510157 0.142823 0.121944
2 0.918964 0.372880 0.164156 0.262204
