0 0.137634 0.679639 0.117045 0.211241
0 0.499188 0.703546 0.142375 0.272463
0 0.644969 0.689120 0.161042 0.213611
0 0.614740 0.535250 0.106375 0.130241
0 0.370297 0.505019 0.099260 0.170148
0 0.597740 0.449519 0.099042 0.097074
0 0.413073 0.431935 0.068375 0.102204
0 0.689964 0.383741 0.077260 0.076111
0 0.222302 0.394009 0.070375 0.118796
1 0.845854 0.404676 0.106813 0.114056
0 0.367078 0.363194 0.058594 0.079278
0 0.454964 0.337324 0.060156 0.087574
0 0.969521 0.607148 0.063042 0.116815
2 0.964297 0.395593 0.073490 0.238111
