0 0.611073 0.777815 0.161708 0.235333
0 0.185854 0.417315 0.059708 0.101407
0 0.419630 0.581269 0.104594 0.169352
0 0.911521 0.813176 0.179042 0.253907
0 0.591297 0.567250 0.137260 0.187130
2 0.759187 0.292278 0.152146 0.176074
0 0.373521 0.436870 0.068812 0.104963
0 0.637740 0.510361 0.103042 0.125500
0 0.764188 0.383546 0.075479 0.087574
0 0.699635 0.385722 0.078375 0.082444
0 0.485854 0.437074 0.081042 0.103000
0 0.153188 0.537222 0.081479 0.149222
0 0.948964 0.492778 0.104156 0.100630
0 0.467521 0.336130 0.057271 0.081259
