0 0.440740 0.689519 0.161042 0.270481
0 0.816854 0.816139 0.220812 0.324611
0 0.494964 0.537815 0.097490 0.147222
0 0.799740 0.654167 0.167042 0.183185
0 0.182188 0.384333 0.059479 0.088370
0 0.366406 0.449713 0.079042 0.121944
0 0.695964 0.375241 0.079927 0.078889
0 0.625188 0.468481 0.098375 0.117593
0 0.469297 0.410204 0.083927 0.122741
2 0.901854 0.346213 0.198375 0.239685
0 0.337187 0.344824 0.050375 0.077315
0 0.494073 0.354315 0.062375 0.076519
0 0.935630 0.476972 0.130823 0.105352
0 0.931521 0.536833 0.139042 0.131037
0 0.407302 0.331991 0.057708 0.069019
