0 0.500964 0.805472 0.195260 0.330944
0 0.902854 0.897370 0.196375 0.208963
0 0.530521 0.609130 0.113937 0.166593
0 0.927745 0.806454 0.146594 0.194648
0 0.182964 0.392231 0.059260 0.091537
0 0.385073 0.487843 0.084375 0.134204
0 0.645854 0.339093 0.069042 0.068222
0 0.699854 0.544333 0.123271 0.143667
0 0.503635 0.458407 0.099708 0.143296
2 0.856073 0.325861 0.202375 0.222685
0 0.346854 0.373074 0.056813 0.086407
0 0.533187 0.399546 0.073479 0.093500
0 0.866854 0.441028 0.103042 0.106944
0 0.830078 0.469074 0.113490 0.110889
0 0.429630 0.362213 0.062823 0.079685
0 0.143186 0.467296 0.097482 0.123926
