0 0.884964 0.888083 0.232156 0.227537
0 0.599969 0.888083 0.211042 0.227537
0 0.936078 0.806852 0.129927 0.246778
0 0.530521 0.673519 0.127708 0.197407
0 0.307745 0.476972 0.093260 0.159870
0 0.448854 0.495741 0.091042 0.134185
0 0.552188 0.447352 0.091042 0.144074
0 0.707187 0.392037 0.092146 0.088778
2 0.818297 0.311046 0.178823 0.207278
0 0.848297 0.423648 0.096594 0.084815
0 0.398854 0.355491 0.055479 0.082833
0 0.501630 0.362407 0.063260 0.080852
0 0.181630 0.380185 0.056594 0.092704
0 0.328297 0.337722 0.049927 0.078889
