0 0.065484 0.922259 0.128885 0.159185
0 0.576745 0.745028 0.144594 0.229019
0 0.176297 0.544722 0.086823 0.145259
0 0.429073 0.543343 0.101708 0.189907
0 0.680297 0.358065 0.064594 0.069019
0 0.517745 0.516287 0.105260 0.142093
0 0.560630 0.463741 0.083927 0.113667
0 0.749521 0.362407 0.072375 0.069815
0 0.330078 0.423444 0.074823 0.129444
0 0.521411 0.393222 0.074823 0.088778
0 0.384411 0.379000 0.060823 0.087963
0 0.796964 0.454259 0.107260 0.093889
0 0.203078 0.374259 0.074594 0.108519
1 0.948854 0.473815 0.104375 0.134593
