0 0.108297 0.734944 0.137927 0.234148
0 0.570187 0.914361 0.192812 0.174981
0 0.737964 0.746796 0.167927 0.231778
0 0.492188 0.558556 0.096812 0.149222
0 0.197521 0.459991 0.067937 0.121944
0 0.385411 0.445574 0.077490 0.135778
0 0.758635 0.331981 0.073708 0.070593
0 0.755078 0.409028 0.082594 0.081648
0 0.451297 0.418509 0.074156 0.105352
0 0.516302 0.406852 0.071708 0.094704
0 0.833745 0.411593 0.087927 0.084407
0 0.304411 0.367741 0.058156 0.105741
0 0.472969 0.347194 0.055708 0.072574
0 0.360302 0.337130 0.053042 0.070593
0 0.938630 0.559148 0.124823 0.121148
