0 0.635740 0.830352 0.173708 0.266148
0 0.185630 0.427593 0.061927 0.098259
0 0.429411 0.607741 0.109927 0.179630
0 0.946411 0.866111 0.109260 0.215963
0 0.616630 0.598065 0.150594 0.201352
2 0.741635 0.280833 0.143708 0.173704
0 0.380854 0.452685 0.072813 0.104963
0 0.669964 0.545120 0.107927 0.130241
0 0.743969 0.374056 0.072375 0.086000
0 0.676078 0.372278 0.073927 0.077704
0 0.502078 0.459204 0.086823 0.110889
0 0.149188 0.558556 0.085042 0.152370
0 0.925302 0.475787 0.111042 0.093500
0 0.480635 0.351935 0.060375 0.084426
