0 0.473854 0.758454 0.183271 0.311981
0 0.880521 0.863398 0.241042 0.276907
0 0.513854 0.576731 0.109938 0.153944
0 0.895521 0.753519 0.211042 0.238889
0 0.181630 0.391046 0.058823 0.094685
0 0.378854 0.471046 0.082146 0.124315
0 0.664406 0.352537 0.071042 0.072963
0 0.666635 0.510556 0.111042 0.128259
0 0.489411 0.439444 0.092156 0.136185
2 0.877745 0.336731 0.213260 0.234944
0 0.343297 0.362407 0.053260 0.080852
0 0.516630 0.377222 0.066594 0.078889
0 0.891630 0.455250 0.109927 0.112463
0 0.868297 0.491787 0.123260 0.118389
0 0.419411 0.348583 0.058823 0.076907
0 0.136630 0.456231 0.106594 0.122352
