0 0.461188 0.736528 0.172604 0.301315
0 0.857964 0.851546 0.234594 0.300611
0 0.507854 0.564287 0.104604 0.152759
0 0.859521 0.718556 0.192375 0.218741
0 0.181964 0.389861 0.058156 0.094685
0 0.374854 0.463935 0.080812 0.126685
0 0.675073 0.361426 0.073708 0.076519
0 0.651635 0.498111 0.105042 0.124704
0 0.482411 0.429963 0.088823 0.129074
2 0.892078 0.341472 0.217927 0.239685
0 0.342297 0.357074 0.052594 0.079667
0 0.508964 0.370111 0.067260 0.081259
0 0.904964 0.463546 0.116594 0.110093
0 0.887630 0.506009 0.128594 0.123130
0 0.415078 0.343843 0.055490 0.076907
