0 0.130634 0.700972 0.121711 0.223093
0 0.510188 0.734361 0.149708 0.296167
0 0.668302 0.721120 0.174375 0.232574
0 0.624073 0.547102 0.109042 0.142093
0 0.377964 0.518056 0.103927 0.177259
0 0.609406 0.459000 0.099708 0.104185
0 0.417406 0.439046 0.070375 0.106944
0 0.679964 0.376630 0.075927 0.073741
0 0.229302 0.396972 0.075042 0.119981
1 0.831854 0.395194 0.104146 0.106944
0 0.370078 0.368528 0.057927 0.080463
0 0.459964 0.342065 0.060823 0.089944
0 0.958187 0.597667 0.085708 0.135778
2 0.958964 0.391444 0.084156 0.241667
