0 0.081375 0.825028 0.160667 0.273648
0 0.812964 0.853269 0.208156 0.262981
0 0.518411 0.613870 0.111927 0.173704
0 0.192078 0.488231 0.074823 0.130241
0 0.399630 0.478556 0.085927 0.153556
0 0.724521 0.389074 0.076146 0.080481
0 0.472187 0.449120 0.082604 0.112870
0 0.530635 0.426602 0.077708 0.103389
0 0.798521 0.392630 0.082812 0.077296
0 0.312302 0.386306 0.066375 0.113648
0 0.488411 0.364981 0.062156 0.078889
0 0.369188 0.352139 0.056146 0.076907
0 0.885188 0.515102 0.130375 0.108907
0 0.192078 0.362009 0.069927 0.098241
