0 0.716635 0.925620 0.197708 0.152463
0 0.185521 0.464139 0.066604 0.122352
0 0.474411 0.715991 0.139927 0.234944
0 0.739964 0.740676 0.208823 0.284315
0 0.413854 0.509565 0.092146 0.134204
0 0.826635 0.701176 0.164375 0.193463
0 0.689406 0.341667 0.067708 0.074926
0 0.608854 0.324880 0.057708 0.065056
0 0.566073 0.531296 0.114375 0.134185
0 0.129967 0.670556 0.111045 0.207296
0 0.830521 0.416731 0.092146 0.082833
0 0.545521 0.413769 0.082146 0.112463
2 0.384411 0.331787 0.106594 0.181611
0 0.918302 0.539194 0.134375 0.130241
