0 0.397521 0.621167 0.138604 0.224667
0 0.647187 0.865565 0.188604 0.272574
0 0.722187 0.694454 0.167479 0.262981
0 0.681188 0.328630 0.062375 0.062296
0 0.464854 0.491194 0.084812 0.124315
0 0.691187 0.545315 0.125479 0.136963
0 0.182188 0.391639 0.055938 0.095093
0 0.353740 0.424037 0.069708 0.110889
0 0.754745 0.424241 0.094823 0.088370
0 0.569302 0.422065 0.084375 0.097463
0 0.438854 0.380981 0.072375 0.108519
2 0.928854 0.374259 0.144375 0.238889
0 0.329406 0.333769 0.046375 0.072574
0 0.458630 0.326852 0.054594 0.067444
0 0.969521 0.523593 0.063042 0.099037
