0 0.699969 0.913176 0.188375 0.177352
0 0.185854 0.458213 0.067271 0.117611
0 0.465745 0.697620 0.134594 0.221907
0 0.719630 0.715194 0.200156 0.268907
0 0.408188 0.501269 0.088813 0.127093
0 0.799635 0.676880 0.153042 0.180426
0 0.695740 0.345815 0.068375 0.073741
0 0.617521 0.333176 0.059042 0.065056
0 0.555740 0.520037 0.109708 0.130630
0 0.132301 0.651593 0.107711 0.195444
0 0.844188 0.425620 0.094146 0.081648
0 0.534521 0.404880 0.077479 0.106537
2 0.382078 0.328824 0.103260 0.175685
0 0.935745 0.556972 0.130594 0.130241
