0 0.659745 0.900731 0.186156 0.202241
0 0.153965 0.618407 0.100820 0.176481
0 0.467635 0.630657 0.123708 0.233352
0 0.641411 0.328241 0.058823 0.057556
0 0.587411 0.611102 0.136156 0.175278
0 0.594297 0.508583 0.094823 0.130648
0 0.707187 0.336528 0.062812 0.063093
0 0.352297 0.468093 0.089490 0.154741
0 0.564411 0.423241 0.089260 0.091926
0 0.401740 0.411398 0.064375 0.095870
0 0.726073 0.407833 0.086375 0.077704
0 0.214854 0.381963 0.075479 0.112852
1 0.888297 0.432139 0.121927 0.129463
0 0.357521 0.348981 0.055938 0.077704
