0 0.117188 0.749574 0.134375 0.238889
0 0.535521 0.796972 0.171042 0.329759
0 0.722740 0.798954 0.201042 0.270500
0 0.644411 0.577713 0.113260 0.159870
0 0.393854 0.543148 0.112146 0.189519
0 0.634969 0.478954 0.107708 0.116426
0 0.427187 0.458213 0.074375 0.110500
0 0.658854 0.363398 0.071042 0.074944
0 0.240521 0.404870 0.085479 0.126296
1 0.806078 0.382167 0.098823 0.108519
0 0.373854 0.378213 0.061042 0.088759
0 0.467187 0.353519 0.067708 0.094704
0 0.935521 0.567843 0.131042 0.140130
2 0.945521 0.388093 0.111042 0.250741
