0 0.625302 0.852083 0.172375 0.262981
0 0.163078 0.585222 0.094156 0.162259
0 0.451411 0.590361 0.116156 0.214389
0 0.656740 0.339694 0.061042 0.061500
0 0.555188 0.565667 0.120604 0.158704
0 0.579635 0.488435 0.090375 0.121944
0 0.723854 0.346009 0.064146 0.063093
0 0.342521 0.447546 0.083271 0.143685
0 0.546630 0.410204 0.083927 0.089556
0 0.394411 0.395593 0.062156 0.087963
0 0.751635 0.424037 0.093042 0.081667
0 0.210635 0.378009 0.077708 0.111278
1 0.918745 0.445574 0.128594 0.126296
0 0.351964 0.339500 0.051927 0.072963
