0 0.072599 0.887491 0.143115 0.228722
0 0.892521 0.918898 0.217042 0.165907
0 0.550078 0.686556 0.128594 0.202148
0 0.181854 0.519444 0.080146 0.138926
0 0.415969 0.512528 0.095042 0.169352
0 0.696745 0.368722 0.070823 0.072963
0 0.497745 0.485861 0.094594 0.127093
0 0.549078 0.447148 0.079490 0.110481
0 0.767964 0.372685 0.077260 0.072963
0 0.322969 0.409222 0.070375 0.129444
0 0.508073 0.379389 0.070375 0.080074
0 0.378188 0.367148 0.057271 0.080074
0 0.829411 0.475194 0.113490 0.096278
0 0.198854 0.367537 0.074146 0.101407
1 0.965297 0.488037 0.071490 0.131444
