0 0.488854 0.368333 0.079937 0.151963
0 0.523854 0.635991 0.118813 0.276426
0 0.489406 0.911787 0.167708 0.180130
0 0.543302 0.075000 0.037708 0.055185
0 0.796630 0.136235 0.075490 0.078889
0 0.779969 0.224136 0.064375 0.112469
3 0.692187 0.186602 0.131042 0.266537
0 0.037153 0.288333 0.072222 0.114444
0 0.182188 0.136234 0.066604 0.082839
0 0.463854 0.080926 0.054375 0.074937
0 0.567187 0.145123 0.047708 0.076913
1 0.283297 0.190558 0.053260 0.100624
0 0.358302 0.207349 0.061042 0.102598
2 0.162189 0.193516 0.186601 0.276413
0 0.882188 0.379204 0.135479 0.150000
0 0.748854 0.808083 0.213271 0.387537
0 0.333854 0.074012 0.041042 0.057161
0 0.975521 0.631056 0.051042 0.120370
