0 0.488854 0.368333 0.079937 0.151963
0 0.523854 0.635991 0.118813 0.276426
0 0.489406 0.911787 0.167708 0.180130
0 0.463854 0.080926 0.054375 0.074937
2 0.077708 0.322905 0.153333 0.333709
0 0.616630 0.109568 0.046594 0.069013
0 0.534406 0.091791 0.044375 0.072963
0 0.712188 0.176731 0.079937 0.104574
0 0.062151 0.621176 0.122219 0.290241
0 0.650521 0.226108 0.081042 0.104561
0 0.222188 0.166852 0.059937 0.084815
0 0.242188 0.450306 0.106604 0.189500
0 0.586078 0.279444 0.092156 0.132222
0 0.764411 0.424630 0.128823 0.169741
0 0.294406 0.162901 0.057708 0.080865
2 0.302187 0.048271 0.073271 0.092839
2 0.386078 0.048271 0.058823 0.092839
