0 0.488854 0.368333 0.079937 0.151963
0 0.523854 0.635991 0.118813 0.276426
0 0.489406 0.911787 0.167708 0.180130
0 0.463854 0.080926 0.054375 0.074937
0 0.633740 0.083494 0.051042 0.066643
0 0.572078 0.090209 0.046823 0.063481
0 0.077187 0.344435 0.111708 0.143685
0 0.533078 0.118062 0.052823 0.077309
0 0.642635 0.180083 0.063042 0.087574
0 0.051708 0.697417 0.101333 0.313167
2 0.236521 0.116281 0.105938 0.160661
2 0.336964 0.177713 0.124156 0.279574
0 0.647854 0.447537 0.105479 0.178444
0 0.067743 0.235000 0.065708 0.082037
2 0.871411 0.571049 0.259260 0.861606
