0 0.488854 0.368333 0.079937 0.151963
0 0.523854 0.635991 0.118813 0.276426
0 0.489406 0.911787 0.167708 0.180130
0 0.463854 0.080926 0.054375 0.074937
0 0.646297 0.093370 0.053490 0.066641
0 0.583969 0.108778 0.049708 0.065852
0 0.115522 0.294648 0.095934 0.128667
0 0.540188 0.135246 0.055042 0.082444
0 0.661078 0.216231 0.071927 0.095870
0 0.102301 0.495741 0.147711 0.213222
2 0.248297 0.095148 0.094823 0.151581
2 0.351854 0.133868 0.095271 0.218746
0 0.673578 0.550056 0.131823 0.219926
0 0.067410 0.230259 0.064597 0.086778
2 0.900297 0.605815 0.201490 0.792074
