0 0.488854 0.368333 0.079937 0.151963
0 0.523854 0.635991 0.118813 0.276426
0 0.489406 0.911787 0.167708 0.180130
0 0.595964 0.285769 0.079927 0.124315
0 0.664188 0.195886 0.068812 0.105746
0 0.796297 0.239546 0.096156 0.116426
0 0.540630 0.093766 0.044823 0.076913
0 0.603521 0.079544 0.041708 0.057950
0 0.926187 0.469667 0.149708 0.178444
3 0.905964 0.721565 0.190156 0.560574
0 0.027597 0.856037 0.053111 0.218741
0 0.288854 0.369713 0.099042 0.153167
0 0.059743 0.267398 0.073708 0.098648
0 0.143521 0.182065 0.075479 0.086796
0 0.188630 0.115494 0.050156 0.071383
2 0.234302 0.204778 0.151708 0.267333
0 0.463854 0.080926 0.054375 0.074937
0 0.758302 0.901324 0.195708 0.201056
