0 0.488854 0.368333 0.079937 0.151963
0 0.523854 0.635991 0.118813 0.276426
0 0.489406 0.911787 0.167708 0.180130
0 0.734297 0.169219 0.060594 0.090339
3 0.643630 0.093506 0.079260 0.183309
0 0.168188 0.179886 0.054604 0.083228
0 0.463854 0.080926 0.054375 0.074937
0 0.570297 0.062556 0.032156 0.052419
1 0.148632 0.448333 0.115486 0.212407
0 0.234406 0.620972 0.159042 0.319093
2 0.103708 0.347988 0.205333 0.447876
0 0.792745 0.267991 0.105490 0.116426
0 0.614964 0.326454 0.092156 0.151981
0 0.303964 0.129914 0.051490 0.087580
0 0.915187 0.460981 0.171708 0.192667
3 0.373521 0.096926 0.066146 0.157507
2 0.284187 0.058741 0.087042 0.113778
0 0.196188 0.124185 0.051042 0.076122
0 0.942854 0.909620 0.116375 0.184463
