0 0.488854 0.368333 0.079937 0.151963
0 0.523854 0.635991 0.118813 0.276426
0 0.489406 0.911787 0.167708 0.180130
0 0.573854 0.202410 0.058813 0.088772
0 0.637740 0.142160 0.057708 0.082839
0 0.778297 0.199447 0.078823 0.094698
0 0.529411 0.071050 0.043260 0.067037
0 0.591078 0.056234 0.035490 0.053209
0 0.874406 0.326852 0.117708 0.116407
3 0.867188 0.589565 0.267708 0.626056
0 0.183854 0.703148 0.174375 0.363333
0 0.036597 0.302167 0.071111 0.102593
0 0.118298 0.208336 0.085486 0.088772
0 0.186635 0.122407 0.051042 0.070989
2 0.128266 0.344630 0.254448 0.404815
0 0.463854 0.080926 0.054375 0.074937
0 0.669964 0.581667 0.142156 0.246778
1 0.339964 0.082901 0.035490 0.063087
0 0.397188 0.070062 0.034375 0.057161
2 0.245521 0.095741 0.117708 0.148026
