0 0.488854 0.368333 0.079937 0.151963
0 0.523854 0.635991 0.118813 0.276426
0 0.489406 0.911787 0.167708 0.180130
0 0.551740 0.108778 0.044375 0.074544
0 0.602969 0.072431 0.042375 0.063481
0 0.782630 0.150259 0.057260 0.084815
0 0.811964 0.246065 0.075490 0.108130
3 0.740073 0.264831 0.178375 0.336080
0 0.021264 0.404287 0.040445 0.112463
0 0.057818 0.252574 0.113552 0.106148
0 0.173745 0.134456 0.070594 0.080865
0 0.463854 0.080926 0.054375 0.074937
0 0.579635 0.227694 0.065042 0.109315
1 0.312745 0.142161 0.047260 0.083630
0 0.379635 0.138802 0.047708 0.084815
2 0.201854 0.148479 0.151708 0.229006
0 0.926411 0.455250 0.149260 0.176463
