0 0.488854 0.368333 0.079937 0.151963
0 0.523854 0.635991 0.118813 0.276426
0 0.489406 0.911787 0.167708 0.180130
0 0.713187 0.134259 0.055271 0.082048
3 0.620188 0.066049 0.067937 0.128394
0 0.136741 0.211688 0.067705 0.109698
0 0.463854 0.080926 0.054375 0.074937
2 0.064818 0.366167 0.127552 0.346741
0 0.747078 0.216231 0.090156 0.105352
0 0.579964 0.201614 0.064823 0.106143
0 0.268630 0.181271 0.066156 0.098643
0 0.836630 0.342657 0.123490 0.143278
3 0.348411 0.185021 0.094156 0.210439
2 0.261406 0.077901 0.094375 0.152098
0 0.176521 0.136630 0.063271 0.083630
0 0.859187 0.629269 0.187271 0.274833
