0 0.488854 0.368333 0.079937 0.151963
0 0.523854 0.635991 0.118813 0.276426
0 0.489406 0.911787 0.167708 0.180130
0 0.463854 0.080926 0.054375 0.074937
2 0.059484 0.365176 0.116885 0.339241
0 0.607521 0.094160 0.046604 0.064272
0 0.531297 0.074407 0.039927 0.057952
0 0.694969 0.155392 0.071708 0.089550
0 0.633078 0.192929 0.074156 0.093513
0 0.204969 0.186206 0.062375 0.084809
0 0.160074 0.694463 0.174372 0.332519
0 0.574521 0.238954 0.078375 0.115241
0 0.736406 0.365167 0.108375 0.148815
0 0.272188 0.202210 0.070604 0.092320
2 0.293521 0.053210 0.077271 0.102717
2 0.384411 0.055581 0.063927 0.107457
