0 0.488854 0.368333 0.079937 0.151963
0 0.523854 0.635991 0.118813 0.276426
0 0.489406 0.911787 0.167708 0.180130
0 0.716188 0.137222 0.054604 0.085604
3 0.622521 0.069012 0.068604 0.134320
0 0.140406 0.203984 0.064375 0.101402
0 0.463854 0.080926 0.054375 0.074937
2 0.069484 0.371497 0.136885 0.374006
0 0.751745 0.219194 0.094156 0.101796
0 0.583297 0.211095 0.066156 0.110883
0 0.274630 0.174160 0.064823 0.098643
0 0.843297 0.354509 0.127490 0.152759
3 0.353745 0.177318 0.090156 0.202143
2 0.264073 0.074938 0.094375 0.146172
0 0.177854 0.131889 0.063271 0.086000
0 0.875187 0.662454 0.199271 0.293796
