0 0.488854 0.368333 0.079937 0.151963
0 0.523854 0.635991 0.118813 0.276426
0 0.489406 0.911787 0.167708 0.180130
0 0.550187 0.103444 0.043479 0.071778
0 0.601297 0.066704 0.041260 0.062296
0 0.785406 0.150655 0.059708 0.086394
0 0.805411 0.253370 0.068594 0.108519
3 0.732078 0.253966 0.170823 0.322254
0 0.055151 0.255935 0.108219 0.108130
0 0.172630 0.132877 0.069260 0.083235
0 0.463854 0.080926 0.054375 0.074937
0 0.576740 0.212682 0.061042 0.103783
1 0.308964 0.147099 0.049490 0.086394
0 0.376854 0.144729 0.050146 0.084024
2 0.197411 0.152429 0.157927 0.232957
0 0.923187 0.441611 0.155708 0.168963
