0 0.488854 0.368333 0.079937 0.151963
0 0.523854 0.635991 0.118813 0.276426
0 0.489406 0.911787 0.167708 0.180130
0 0.681078 0.075000 0.039927 0.051233
0 0.051042 0.370306 0.100000 0.183574
0 0.463854 0.080926 0.054375 0.074937
0 0.668854 0.129321 0.062146 0.069013
0 0.547187 0.076975 0.043271 0.063087
0 0.129965 0.423639 0.128820 0.195426
0 0.716635 0.207345 0.097708 0.098643
3 0.156599 0.697472 0.311115 0.608759
2 0.217740 0.126355 0.124375 0.185550
0 0.115521 0.194503 0.084375 0.096661
0 0.715521 0.318954 0.097708 0.124315
0 0.634964 0.416722 0.118823 0.185556
0 0.911078 0.456231 0.179927 0.213204
0 0.317740 0.118456 0.044375 0.070987
0 0.378854 0.142160 0.046604 0.074939
0 0.273854 0.205370 0.052146 0.090741
0 0.883297 0.720926 0.235490 0.363333
0 0.303302 0.070062 0.037708 0.053209
0 0.383302 0.072037 0.037708 0.053211
0 0.782740 0.973028 0.187708 0.057648
