0 0.488854 0.368333 0.079937 0.151963
0 0.523854 0.635991 0.118813 0.276426
0 0.489406 0.911787 0.167708 0.180130
0 0.693964 0.100283 0.050594 0.071778
3 0.603406 0.044914 0.053042 0.086124
0 0.090078 0.284583 0.098823 0.145648
0 0.463854 0.080926 0.054375 0.074937
0 0.701745 0.165664 0.073260 0.080857
0 0.558302 0.119840 0.047708 0.081654
0 0.205406 0.284574 0.094375 0.139333
0 0.772406 0.258907 0.103042 0.113259
3 0.270745 0.387099 0.189927 0.405209
2 0.234630 0.102654 0.111490 0.161852
0 0.145073 0.159148 0.069708 0.093111
0 0.755854 0.404481 0.121479 0.157889
0 0.698854 0.633417 0.171042 0.304463
0 0.938630 0.583444 0.124823 0.275630
0 0.331969 0.090013 0.040375 0.064667
0 0.392521 0.094753 0.037479 0.059135
0 0.299297 0.148679 0.043927 0.071383
0 0.936297 0.882361 0.129490 0.238981
