0 0.488854 0.368333 0.079937 0.151963
0 0.523854 0.635991 0.118813 0.276426
0 0.489406 0.911787 0.167708 0.180130
0 0.711969 0.132877 0.055042 0.081654
3 0.618078 0.063481 0.066823 0.123259
0 0.132630 0.218608 0.069260 0.113265
0 0.463854 0.080926 0.054375 0.074937
2 0.058599 0.378213 0.115115 0.336870
0 0.743073 0.211688 0.088375 0.102587
0 0.577302 0.190951 0.063042 0.100617
0 0.263521 0.189176 0.067479 0.103389
0 0.830635 0.333176 0.119042 0.138537
3 0.343521 0.196682 0.101708 0.223487
2 0.259630 0.077704 0.096156 0.151704
0 0.175630 0.140581 0.063260 0.082839
0 0.846078 0.599250 0.176594 0.257463
0 0.796521 0.941815 0.195271 0.120074
