0 0.488854 0.368333 0.079937 0.151963
0 0.523854 0.635991 0.118813 0.276426
0 0.489406 0.911787 0.167708 0.180130
0 0.835078 0.126357 0.095927 0.076519
0 0.748745 0.192136 0.069490 0.105357
3 0.658297 0.129910 0.094823 0.206883
0 0.202630 0.131296 0.058156 0.076122
0 0.463854 0.080926 0.054375 0.074937
0 0.566411 0.090407 0.035927 0.055974
1 0.227964 0.302167 0.081260 0.135778
0 0.313745 0.363796 0.090156 0.164222
2 0.117375 0.274308 0.232667 0.367680
0 0.829745 0.311056 0.115927 0.122741
0 0.652521 0.469667 0.125479 0.212407
0 0.319630 0.098901 0.046823 0.065061
0 0.938745 0.556972 0.124594 0.229796
3 0.384630 0.067630 0.065260 0.131556
2 0.296302 0.049655 0.079708 0.095606
