0 0.488854 0.368333 0.079937 0.151963
0 0.523854 0.635991 0.118813 0.276426
0 0.489406 0.911787 0.167708 0.180130
0 0.463854 0.080926 0.054375 0.074937
2 0.081042 0.322905 0.160000 0.350302
0 0.618964 0.114308 0.047260 0.069013
0 0.535406 0.097124 0.045042 0.076519
0 0.715521 0.181472 0.081271 0.104574
0 0.071818 0.576731 0.141552 0.260611
0 0.654854 0.236182 0.083042 0.108117
0 0.225521 0.161519 0.057271 0.078889
0 0.255854 0.414157 0.103271 0.171722
0 0.589078 0.289519 0.092823 0.133407
0 0.773078 0.443593 0.132823 0.176852
0 0.299740 0.154012 0.056375 0.082050
2 0.303521 0.047086 0.073271 0.090469
2 0.389411 0.045901 0.060156 0.088098
