0 0.488854 0.368333 0.079937 0.151963
0 0.523854 0.635991 0.118813 0.276426
0 0.489406 0.911787 0.167708 0.180130
0 0.463854 0.080926 0.054375 0.074937
0 0.628854 0.076778 0.051042 0.065852
0 0.568073 0.080729 0.042375 0.055580
0 0.059042 0.373667 0.116000 0.157889
0 0.531078 0.110160 0.050594 0.077309
0 0.633969 0.165466 0.061708 0.083624
2 0.229854 0.128534 0.115708 0.177265
2 0.323630 0.208926 0.133927 0.313556
0 0.633411 0.406852 0.100594 0.161852
0 0.069965 0.239343 0.062153 0.087574
2 0.859630 0.559197 0.282823 0.885309
