0 0.488854 0.368333 0.079937 0.151963
0 0.523854 0.635991 0.118813 0.276426
0 0.489406 0.911787 0.167708 0.180130
0 0.463854 0.080926 0.054375 0.074937
0 0.648630 0.095148 0.054156 0.065456
0 0.585969 0.112333 0.052375 0.068222
0 0.123856 0.283981 0.093934 0.123926
0 0.542521 0.138209 0.057042 0.081259
0 0.664411 0.225120 0.074594 0.099426
0 0.120967 0.457222 0.134378 0.183593
2 0.251630 0.090408 0.096156 0.144470
2 0.355854 0.123794 0.091271 0.205709
0 0.682745 0.582648 0.137490 0.240074
0 0.068077 0.227886 0.061930 0.086783
2 0.911297 0.618259 0.179490 0.767185
