0 0.488854 0.368333 0.079937 0.151963
0 0.523854 0.635991 0.118813 0.276426
0 0.489406 0.911787 0.167708 0.180130
0 0.584964 0.245269 0.068594 0.106537
0 0.651854 0.170206 0.064604 0.093106
0 0.788406 0.222947 0.087042 0.110883
0 0.535521 0.081716 0.043937 0.068617
0 0.598521 0.068876 0.041042 0.054000
0 0.901854 0.414361 0.151271 0.153167
3 0.888630 0.681074 0.224823 0.641556
0 0.255854 0.476778 0.116604 0.216370
0 0.051632 0.280824 0.073486 0.101796
0 0.135186 0.193519 0.078816 0.086000
0 0.188188 0.117864 0.047938 0.067431
2 0.200964 0.253568 0.178823 0.304865
0 0.463854 0.080926 0.054375 0.074937
0 0.726521 0.799352 0.195708 0.357407
1 0.345745 0.067494 0.035490 0.061506
