0 0.488854 0.368333 0.079937 0.151963
0 0.523854 0.635991 0.118813 0.276426
0 0.489406 0.911787 0.167708 0.180130
0 0.688411 0.087049 0.046156 0.060320
0 0.069519 0.314796 0.108816 0.161852
0 0.463854 0.080926 0.054375 0.074937
0 0.688297 0.149466 0.069927 0.077698
0 0.552078 0.098506 0.047260 0.072172
0 0.178078 0.330407 0.098823 0.151963
0 0.750740 0.236581 0.103708 0.113654
3 0.213854 0.532287 0.262375 0.572315
2 0.225078 0.118065 0.121260 0.174500
0 0.133410 0.170806 0.071264 0.097463
0 0.737411 0.361417 0.111260 0.149204
0 0.667297 0.524981 0.145260 0.247185
0 0.925078 0.526361 0.151927 0.251537
0 0.325635 0.098308 0.041042 0.060717
0 0.387078 0.109766 0.040823 0.067828
0 0.291411 0.171201 0.046823 0.077709
0 0.911078 0.829028 0.179927 0.345648
