0 0.488854 0.368333 0.079937 0.151963
0 0.523854 0.635991 0.118813 0.276426
0 0.489406 0.911787 0.167708 0.180130
0 0.463854 0.080926 0.054375 0.074937
0 0.622854 0.072037 0.049708 0.065852
0 0.564073 0.071247 0.037042 0.055580
0 0.048375 0.400333 0.094667 0.166185
0 0.529078 0.100086 0.047927 0.073754
0 0.625302 0.152429 0.057708 0.081254
2 0.219187 0.135053 0.121042 0.185561
2 0.310297 0.244481 0.156594 0.363333
0 0.623078 0.368333 0.090594 0.148815
0 0.067298 0.239343 0.063486 0.087574
2 0.850630 0.502855 0.300823 0.820031
