0 0.488854 0.368333 0.079937 0.151963
0 0.523854 0.635991 0.118813 0.276426
0 0.489406 0.911787 0.167708 0.180130
0 0.557964 0.143346 0.050156 0.081259
0 0.615521 0.096531 0.044375 0.072172
0 0.772521 0.168627 0.060604 0.082043
0 0.853740 0.264231 0.099042 0.116019
3 0.798411 0.352534 0.239490 0.419043
0 0.027264 0.348185 0.052445 0.095889
0 0.089745 0.229669 0.090156 0.100624
0 0.194964 0.114901 0.059260 0.068617
2 0.081708 0.553417 0.161333 0.513463
0 0.463854 0.080926 0.054375 0.074937
0 0.600745 0.322111 0.081927 0.140111
1 0.324740 0.116876 0.042375 0.078889
0 0.385302 0.106803 0.044375 0.074543
2 0.220411 0.136231 0.130156 0.217944
0 0.947297 0.531296 0.107490 0.212407
