0 0.488854 0.368333 0.079937 0.151963
0 0.523854 0.635991 0.118813 0.276426
0 0.489406 0.911787 0.167708 0.180130
0 0.463854 0.080926 0.054375 0.074937
0 0.642854 0.090802 0.053271 0.069407
0 0.580854 0.103642 0.048375 0.065061
0 0.106297 0.306509 0.100594 0.132611
0 0.537630 0.130704 0.053490 0.082048
0 0.655521 0.207349 0.069271 0.095487
0 0.087411 0.540583 0.148156 0.238093
2 0.245188 0.099099 0.099271 0.155531
2 0.347630 0.146312 0.098823 0.236524
0 0.666969 0.521815 0.126375 0.206889
0 0.068077 0.231444 0.064597 0.086000
2 0.891521 0.596528 0.219042 0.810648
