0 0.488854 0.368333 0.079937 0.151963
0 0.523854 0.635991 0.118813 0.276426
0 0.489406 0.911787 0.167708 0.180130
0 0.687073 0.083099 0.045708 0.057161
0 0.059151 0.328435 0.116219 0.166981
0 0.463854 0.080926 0.054375 0.074937
0 0.683740 0.144926 0.067042 0.072567
0 0.551302 0.091790 0.044375 0.069013
0 0.168188 0.347389 0.103042 0.153556
0 0.743078 0.228479 0.103490 0.109302
3 0.193186 0.593917 0.289482 0.636315
2 0.221635 0.121222 0.125042 0.180815
0 0.129189 0.174750 0.071268 0.095870
0 0.730635 0.349759 0.108375 0.144074
0 0.657406 0.494556 0.135708 0.232963
0 0.920964 0.506602 0.160156 0.239685
0 0.323411 0.103050 0.041927 0.062296
0 0.384630 0.116679 0.042594 0.071383
0 0.287630 0.177719 0.045490 0.078894
0 0.903745 0.811444 0.194594 0.380815
0 0.307411 0.061963 0.037490 0.048074
