0 0.488854 0.368333 0.079937 0.151963
0 0.523854 0.635991 0.118813 0.276426
0 0.489406 0.911787 0.167708 0.180130
0 0.553740 0.115296 0.044375 0.073359
0 0.605302 0.076580 0.043042 0.064667
0 0.778964 0.153815 0.059260 0.084815
0 0.826297 0.228880 0.085490 0.106944
3 0.748740 0.283201 0.183708 0.349117
0 0.023597 0.393620 0.045111 0.112463
0 0.069408 0.246056 0.098372 0.093111
0 0.171745 0.132086 0.069260 0.069013
0 0.463854 0.080926 0.054375 0.074937
0 0.583635 0.244287 0.070375 0.111685
1 0.316078 0.139198 0.045927 0.080074
0 0.381969 0.131691 0.044375 0.084815
2 0.205854 0.149664 0.143708 0.229006
0 0.930745 0.470065 0.140594 0.184759
