0 0.488854 0.368333 0.079937 0.151963
0 0.523854 0.635991 0.118813 0.276426
0 0.489406 0.911787 0.167708 0.180130
0 0.463854 0.080926 0.054375 0.074937
0 0.625521 0.075000 0.051042 0.067037
0 0.566073 0.075988 0.041042 0.053209
0 0.054375 0.383148 0.106667 0.157889
0 0.529411 0.106605 0.049927 0.074939
0 0.628302 0.158947 0.061042 0.084809
2 0.223854 0.130312 0.114375 0.173709
2 0.318297 0.226111 0.143260 0.333704
0 0.627745 0.386111 0.093260 0.155926
0 0.066632 0.239935 0.062153 0.088759
2 0.856630 0.553271 0.288823 0.897161
