0 0.488854 0.368333 0.079937 0.151963
0 0.523854 0.635991 0.118813 0.276426
0 0.489406 0.911787 0.167708 0.180130
0 0.676521 0.060185 0.037042 0.052419
0 0.031264 0.425019 0.060445 0.192667
0 0.463854 0.080926 0.054375 0.074937
0 0.651188 0.108975 0.057937 0.066246
0 0.540521 0.057025 0.037479 0.062691
0 0.071375 0.559935 0.140667 0.261019
0 0.680297 0.179688 0.089490 0.093106
3 0.122151 0.831593 0.242219 0.340519
2 0.194188 0.150651 0.147042 0.215180
0 0.089074 0.209716 0.083039 0.096272
0 0.697635 0.280824 0.089042 0.119981
0 0.606964 0.336528 0.101927 0.157907
0 0.867964 0.396185 0.157260 0.182407
0 0.306188 0.136828 0.047479 0.075333
0 0.366630 0.177713 0.051927 0.089944
0 0.249411 0.248833 0.057927 0.100222
0 0.824745 0.586602 0.200594 0.274833
0 0.293630 0.077370 0.038823 0.059926
0 0.374854 0.086456 0.036375 0.056765
0 0.750745 0.854898 0.233927 0.293907
