0 0.488854 0.368333 0.079937 0.151963
0 0.523854 0.635991 0.118813 0.276426
0 0.489406 0.911787 0.167708 0.180130
0 0.463854 0.080926 0.054375 0.074937
0 0.609964 0.062161 0.042156 0.049259
0 0.606630 0.110556 0.055490 0.059137
2 0.127745 0.214256 0.202156 0.282339
0 0.657188 0.199442 0.069937 0.098635
0 0.559964 0.195494 0.066594 0.110494
0 0.786630 0.276481 0.108823 0.142111
0 0.255521 0.228090 0.071042 0.096672
0 0.305521 0.379194 0.093271 0.157907
0 0.125522 0.477963 0.113268 0.173704
0 0.724964 0.377222 0.125490 0.165815
0 0.267745 0.107593 0.048823 0.061111
0 0.346078 0.160929 0.049927 0.076920
0 0.651630 0.514509 0.138823 0.242833
0 0.919411 0.838704 0.163260 0.326296
0 0.347745 0.070061 0.039927 0.049259
