0 0.488854 0.368333 0.079937 0.151963
0 0.523854 0.635991 0.118813 0.276426
0 0.489406 0.911787 0.167708 0.180130
0 0.689411 0.091790 0.045490 0.065061
0 0.077186 0.301167 0.105482 0.155926
0 0.463854 0.080926 0.054375 0.074937
0 0.693297 0.153021 0.073260 0.084809
0 0.552745 0.105618 0.049927 0.076913
0 0.186078 0.317963 0.098823 0.157889
0 0.757740 0.244880 0.104375 0.118389
3 0.235521 0.470065 0.237708 0.509500
2 0.229411 0.114509 0.116594 0.169759
0 0.137743 0.167843 0.073264 0.098648
0 0.744411 0.373269 0.113260 0.153944
0 0.678297 0.556981 0.156594 0.256667
0 0.929411 0.547102 0.143260 0.264574
0 0.328302 0.094753 0.041042 0.063087
0 0.389411 0.102655 0.038823 0.063087
0 0.294411 0.165868 0.048823 0.078894
0 0.917745 0.848583 0.166594 0.306537
