0 0.488854 0.368333 0.079937 0.151963
0 0.523854 0.635991 0.118813 0.276426
0 0.489406 0.911787 0.167708 0.180130
0 0.463854 0.080926 0.054375 0.074937
0 0.620740 0.071642 0.045042 0.050839
0 0.624297 0.127345 0.064156 0.073754
2 0.150408 0.191349 0.180372 0.260228
0 0.038042 0.261269 0.074000 0.114833
0 0.667854 0.218605 0.077479 0.104569
0 0.569411 0.225324 0.074823 0.123537
0 0.806297 0.302157 0.120594 0.146833
0 0.272635 0.192139 0.063042 0.085611
0 0.329969 0.299398 0.080375 0.127093
0 0.171078 0.392426 0.101260 0.158296
0 0.744073 0.419694 0.137042 0.183574
0 0.275521 0.098308 0.045271 0.061506
0 0.356297 0.132284 0.048156 0.073357
0 0.668854 0.597278 0.163479 0.294593
0 0.944854 0.899148 0.112375 0.205407
0 0.354188 0.058012 0.034604 0.049654
