0 0.488854 0.368333 0.079937 0.151963
0 0.523854 0.635991 0.118813 0.276426
0 0.489406 0.911787 0.167708 0.180130
0 0.463854 0.080926 0.054375 0.074937
0 0.578521 0.072827 0.042813 0.055580
2 0.105042 0.293074 0.208000 0.377556
0 0.637521 0.156182 0.059937 0.080857
0 0.544854 0.141173 0.055042 0.088765
0 0.748969 0.224132 0.091708 0.120365
0 0.189521 0.344037 0.105708 0.142889
0 0.177965 0.770704 0.190153 0.370444
0 0.686745 0.302167 0.101927 0.128667
0 0.248188 0.130506 0.054604 0.069013
0 0.316964 0.246463 0.069927 0.102593
0 0.615630 0.381370 0.111260 0.177259
0 0.848964 0.605565 0.180594 0.257463
0 0.327302 0.105815 0.044375 0.067037
