0 0.488854 0.368333 0.079937 0.151963
0 0.523854 0.635991 0.118813 0.276426
0 0.489406 0.911787 0.167708 0.180130
0 0.463854 0.080926 0.054375 0.074937
0 0.588964 0.056037 0.036594 0.051233
0 0.661521 0.111938 0.058146 0.078494
0 0.597969 0.134852 0.059042 0.074544
0 0.155854 0.248630 0.084604 0.115630
0 0.549964 0.161719 0.061260 0.089561
0 0.684964 0.262454 0.084594 0.118796
0 0.187964 0.348380 0.102594 0.146833
2 0.267854 0.073753 0.096604 0.143802
2 0.364745 0.091333 0.079260 0.178963
0 0.726411 0.725870 0.167490 0.340815
0 0.067187 0.225127 0.062375 0.083635
