0 0.488854 0.368333 0.079937 0.151963
0 0.523854 0.635991 0.118813 0.276426
0 0.489406 0.911787 0.167708 0.180130
0 0.711635 0.132284 0.054375 0.082839
3 0.616078 0.061111 0.065490 0.118519
0 0.128297 0.225127 0.069927 0.114450
0 0.463854 0.080926 0.054375 0.074937
2 0.051597 0.398954 0.101111 0.335685
0 0.739406 0.206355 0.087708 0.096661
0 0.574969 0.179692 0.061042 0.094691
0 0.258854 0.197472 0.068812 0.110500
0 0.824969 0.324880 0.114375 0.136167
3 0.338854 0.210312 0.111042 0.238894
2 0.258297 0.075926 0.098823 0.148148
0 0.174964 0.144136 0.063260 0.082839
0 0.834411 0.570806 0.166594 0.240870
0 0.793854 0.906852 0.223271 0.190000
0 0.985521 0.697222 0.031042 0.173704
0 0.349411 0.064136 0.036594 0.053209
0 0.401635 0.061173 0.034375 0.051235
