0 0.488854 0.368333 0.079937 0.151963
0 0.523854 0.635991 0.118813 0.276426
0 0.489406 0.911787 0.167708 0.180130
0 0.602406 0.318954 0.085708 0.138537
0 0.673521 0.217222 0.075938 0.116815
0 0.803630 0.250611 0.099260 0.118000
0 0.543969 0.101271 0.047042 0.085606
0 0.608187 0.087444 0.045708 0.064270
0 0.934630 0.494944 0.132823 0.178444
3 0.919745 0.756731 0.162594 0.490241
0 0.054266 0.781370 0.106448 0.328556
0 0.305745 0.327056 0.087490 0.150000
0 0.065743 0.258704 0.073264 0.100222
0 0.151745 0.174160 0.075927 0.091531
0 0.193745 0.111148 0.048823 0.072174
2 0.253854 0.179494 0.135708 0.232569
0 0.463854 0.080926 0.054375 0.074937
