0 0.488854 0.368333 0.079937 0.151963
0 0.523854 0.635991 0.118813 0.276426
0 0.489406 0.911787 0.167708 0.180130
0 0.463854 0.080926 0.054375 0.074937
2 0.084375 0.324481 0.166667 0.366889
0 0.621411 0.119247 0.048594 0.070198
0 0.536521 0.103247 0.046375 0.078494
0 0.719411 0.187197 0.083260 0.105754
0 0.087522 0.530898 0.147934 0.231389
0 0.659635 0.245667 0.085042 0.112074
0 0.228854 0.156188 0.055479 0.074550
0 0.268297 0.380389 0.097927 0.157111
0 0.592411 0.299991 0.093260 0.137759
0 0.781854 0.461963 0.136604 0.185148
0 0.305297 0.145519 0.054594 0.081656
2 0.305745 0.045308 0.072823 0.086913
2 0.391521 0.044123 0.061271 0.084543
