0 0.488854 0.368333 0.079937 0.151963
0 0.523854 0.635991 0.118813 0.276426
0 0.489406 0.911787 0.167708 0.180130
0 0.463854 0.080926 0.054375 0.074937
0 0.602187 0.049716 0.038146 0.049654
0 0.593630 0.095544 0.049927 0.061506
2 0.109818 0.251790 0.217552 0.325013
0 0.648521 0.180090 0.065479 0.088376
0 0.553630 0.171794 0.064156 0.097857
0 0.769740 0.251197 0.103042 0.134198
0 0.232411 0.267991 0.081260 0.107722
0 0.267630 0.497324 0.122823 0.202944
0 0.063151 0.597074 0.124219 0.223889
0 0.707411 0.342259 0.113927 0.150407
0 0.259630 0.116481 0.051260 0.067037
0 0.336635 0.192136 0.055042 0.081654
0 0.632964 0.448130 0.125927 0.208074
0 0.897964 0.755889 0.206156 0.357407
0 0.339188 0.087049 0.042813 0.059531
