0 0.488854 0.368333 0.079937 0.151963
0 0.523854 0.635991 0.118813 0.276426
0 0.489406 0.911787 0.167708 0.180130
0 0.463854 0.080926 0.054375 0.074937
0 0.607964 0.058013 0.040823 0.050444
0 0.602297 0.105815 0.054823 0.061507
2 0.119745 0.227294 0.210156 0.296561
0 0.655188 0.193516 0.067271 0.096265
0 0.558297 0.188382 0.067260 0.105754
0 0.781297 0.269370 0.107490 0.142111
0 0.248854 0.238759 0.072375 0.101407
0 0.294521 0.415935 0.104604 0.169759
0 0.102856 0.515296 0.121268 0.186741
0 0.718964 0.364778 0.120156 0.162259
0 0.264745 0.110556 0.050823 0.059926
0 0.343078 0.171595 0.051927 0.076920
0 0.644964 0.490806 0.134823 0.233352
0 0.912411 0.821519 0.177260 0.360667
0 0.344745 0.075987 0.040594 0.056370
