0 0.488854 0.368333 0.079937 0.151963
0 0.523854 0.635991 0.118813 0.276426
0 0.489406 0.911787 0.167708 0.180130
0 0.588297 0.257713 0.069927 0.112463
0 0.655521 0.176725 0.066604 0.096661
0 0.791073 0.227095 0.091042 0.114439
0 0.537188 0.082901 0.043271 0.070987
0 0.600521 0.073024 0.041042 0.055185
0 0.916630 0.437472 0.168823 0.175685
3 0.894964 0.693519 0.212156 0.616667
0 0.267188 0.433519 0.109938 0.191481
0 0.054965 0.275491 0.072153 0.100611
0 0.138853 0.190556 0.075482 0.084815
0 0.190521 0.118456 0.049937 0.070987
2 0.214964 0.231049 0.158823 0.288272
0 0.463854 0.080926 0.054375 0.074937
0 0.742188 0.836731 0.211042 0.330241
1 0.347745 0.065123 0.035490 0.059135
