0 0.488854 0.368333 0.079937 0.151963
0 0.523854 0.635991 0.118813 0.276426
0 0.489406 0.911787 0.167708 0.180130
0 0.537635 0.052284 0.033042 0.046098
0 0.823745 0.130309 0.091927 0.076519
0 0.756521 0.198065 0.069937 0.099833
3 0.665411 0.139787 0.100156 0.220315
0 0.206411 0.119049 0.056823 0.078494
0 0.463854 0.080926 0.054375 0.074937
0 0.565297 0.101074 0.037260 0.061507
1 0.245297 0.268583 0.070594 0.127093
0 0.330854 0.311648 0.084375 0.140519
2 0.117375 0.250602 0.232667 0.342389
0 0.841969 0.323685 0.119042 0.132222
0 0.670969 0.535639 0.141042 0.246389
0 0.323188 0.093765 0.047708 0.065852
0 0.945630 0.588574 0.110823 0.242444
3 0.386630 0.064864 0.058594 0.126024
2 0.298745 0.046099 0.081927 0.088494
