0 0.488854 0.368333 0.079937 0.151963
0 0.523854 0.635991 0.118813 0.276426
0 0.489406 0.911787 0.167708 0.180130
0 0.855187 0.122803 0.102375 0.077309
0 0.742078 0.179889 0.065927 0.096667
3 0.651073 0.110157 0.088375 0.189500
0 0.174854 0.165466 0.059042 0.085994
0 0.463854 0.080926 0.054375 0.074937
0 0.569964 0.079741 0.035490 0.054396
1 0.194411 0.367537 0.094594 0.177259
0 0.280854 0.467296 0.121708 0.229815
2 0.111708 0.308873 0.221333 0.413106
0 0.810630 0.287537 0.108823 0.114444
0 0.630078 0.393620 0.106823 0.180426
0 0.311854 0.116481 0.053479 0.083630
0 0.927078 0.507593 0.147927 0.206111
3 0.380078 0.083296 0.065927 0.143678
2 0.289187 0.055581 0.086813 0.107457
0 0.202521 0.116087 0.049042 0.067037
