0 0.488854 0.368333 0.079937 0.151963
0 0.523854 0.635991 0.118813 0.276426
0 0.489406 0.911787 0.167708 0.180130
0 0.560297 0.149868 0.050823 0.082450
0 0.617188 0.101864 0.047708 0.075728
0 0.773521 0.170997 0.062604 0.079672
0 0.861740 0.263046 0.096375 0.108907
3 0.808745 0.373275 0.254823 0.443931
0 0.029264 0.344037 0.056445 0.099444
0 0.094078 0.225521 0.090823 0.094698
0 0.181630 0.124975 0.053927 0.067431
2 0.090375 0.533861 0.178667 0.543093
0 0.463854 0.080926 0.054375 0.074937
0 0.608078 0.346407 0.084594 0.146037
1 0.327406 0.109172 0.039708 0.072963
0 0.387969 0.101469 0.044375 0.073357
2 0.226745 0.127343 0.124156 0.202537
0 0.954297 0.546111 0.093490 0.215963
