0 0.488854 0.368333 0.079937 0.151963
0 0.523854 0.635991 0.118813 0.276426
0 0.489406 0.911787 0.167708 0.180130
0 0.463854 0.080926 0.054375 0.074937
0 0.651411 0.098506 0.054823 0.067431
0 0.588630 0.117074 0.054594 0.069804
0 0.132189 0.274111 0.091934 0.120778
0 0.543964 0.144729 0.058156 0.084024
0 0.669078 0.234806 0.075490 0.104574
0 0.139186 0.425426 0.125482 0.168963
2 0.256302 0.087642 0.095708 0.146049
2 0.358521 0.117667 0.087271 0.197407
0 0.691911 0.615241 0.143156 0.260222
0 0.067410 0.225910 0.061930 0.085994
2 0.919630 0.635046 0.162823 0.733611
