0 0.488854 0.368333 0.079937 0.151963
0 0.523854 0.635991 0.118813 0.276426
0 0.489406 0.911787 0.167708 0.180130
0 0.679745 0.070852 0.039927 0.052419
0 0.046375 0.387491 0.090667 0.196611
0 0.463854 0.080926 0.054375 0.074937
0 0.664521 0.122803 0.058813 0.065457
0 0.544521 0.072234 0.041937 0.063087
0 0.112632 0.453861 0.139486 0.217944
0 0.707302 0.202012 0.097708 0.099828
3 0.150266 0.721769 0.298448 0.560167
2 0.209740 0.135836 0.128375 0.197402
0 0.106854 0.194503 0.079042 0.094291
0 0.710521 0.310065 0.095708 0.123130
0 0.627630 0.395389 0.116156 0.180815
0 0.896969 0.437861 0.170375 0.207278
0 0.314406 0.124382 0.045708 0.073357
0 0.375188 0.150456 0.047271 0.077309
0 0.268187 0.214259 0.051479 0.091926
0 0.869964 0.683000 0.230156 0.339630
0 0.300635 0.071840 0.039042 0.052024
0 0.381635 0.073815 0.038375 0.059137
0 0.773073 0.941028 0.200375 0.121648
