0 0.488854 0.368333 0.079937 0.151963
0 0.523854 0.635991 0.118813 0.276426
0 0.489406 0.911787 0.167708 0.180130
0 0.463854 0.080926 0.054375 0.074937
0 0.627745 0.078951 0.042156 0.051235
0 0.636630 0.138210 0.068823 0.074939
2 0.162189 0.178701 0.173268 0.246783
0 0.046042 0.248824 0.090000 0.110500
0 0.673302 0.230062 0.077708 0.112469
0 0.580521 0.247843 0.078812 0.128278
0 0.819406 0.322898 0.127708 0.148019
0 0.282745 0.176725 0.056594 0.084809
0 0.341630 0.259685 0.069927 0.120370
0 0.196635 0.349565 0.084375 0.142093
0 0.759406 0.452278 0.141042 0.197407
0 0.279411 0.090802 0.045490 0.055185
0 0.360521 0.118457 0.045479 0.067037
0 0.689964 0.657713 0.173260 0.331722
0 0.967745 0.946361 0.066594 0.110981
