0 0.488854 0.368333 0.079937 0.151963
0 0.523854 0.635991 0.118813 0.276426
0 0.489406 0.911787 0.167708 0.180130
0 0.695964 0.105024 0.049260 0.074148
3 0.607073 0.046692 0.052375 0.089680
0 0.095411 0.276287 0.092156 0.138537
0 0.463854 0.080926 0.054375 0.074937
0 0.705411 0.170997 0.076594 0.086783
0 0.559969 0.126951 0.051042 0.084024
0 0.215073 0.273315 0.091042 0.142889
0 0.779740 0.268389 0.105708 0.115630
3 0.284745 0.354506 0.176594 0.370839
2 0.240297 0.099691 0.109490 0.167777
0 0.148740 0.156778 0.069042 0.088370
0 0.763521 0.421074 0.126146 0.169741
0 0.710521 0.679046 0.187708 0.329352
0 0.944630 0.603593 0.112823 0.285111
0 0.334635 0.084680 0.041708 0.063481
0 0.393521 0.088827 0.036813 0.059135
0 0.303964 0.144531 0.042594 0.072569
0 0.945297 0.906657 0.111490 0.190389
