0 0.488854 0.368333 0.079937 0.151963
0 0.523854 0.635991 0.118813 0.276426
0 0.489406 0.911787 0.167708 0.180130
0 0.463854 0.080926 0.054375 0.074937
2 0.049153 0.377028 0.096222 0.315537
0 0.601854 0.083494 0.043271 0.061902
0 0.528964 0.062556 0.040594 0.057952
0 0.687302 0.144725 0.069708 0.089550
0 0.624411 0.181077 0.071490 0.091143
0 0.196302 0.199836 0.066375 0.093106
0 0.110741 0.831398 0.190372 0.340907
0 0.567854 0.221769 0.077042 0.111685
0 0.723406 0.339093 0.101042 0.144074
0 0.255854 0.225914 0.073938 0.104172
2 0.289187 0.057358 0.080604 0.111013
2 0.379078 0.063877 0.065260 0.124050
0 0.780964 0.940630 0.180156 0.122444
