0 0.488854 0.368333 0.079937 0.151963
0 0.523854 0.635991 0.118813 0.276426
0 0.489406 0.911787 0.167708 0.180130
0 0.571854 0.194706 0.057479 0.092328
0 0.633740 0.136234 0.055042 0.080469
0 0.777297 0.199447 0.075490 0.099439
0 0.527078 0.067494 0.041260 0.062296
0 0.590078 0.052679 0.037490 0.053209
0 0.879740 0.327444 0.112375 0.112852
3 0.862854 0.545713 0.276375 0.592870
0 0.156188 0.767741 0.200375 0.378741
0 0.035264 0.303352 0.068445 0.090741
0 0.114298 0.210114 0.082820 0.087587
0 0.183635 0.123593 0.050375 0.070989
2 0.124599 0.378407 0.247115 0.453407
0 0.463854 0.080926 0.054375 0.074937
0 0.659630 0.539593 0.129490 0.224259
1 0.338964 0.084679 0.036156 0.064272
0 0.395854 0.072432 0.037042 0.059531
2 0.244188 0.101074 0.113708 0.161063
