0 0.488854 0.368333 0.079937 0.151963
0 0.523854 0.635991 0.118813 0.276426
0 0.489406 0.911787 0.167708 0.180130
0 0.463854 0.080926 0.054375 0.074937
0 0.590964 0.058407 0.036594 0.051233
0 0.666187 0.116086 0.059479 0.077309
0 0.601969 0.139593 0.056375 0.079285
0 0.161854 0.242111 0.081937 0.107333
0 0.551630 0.170016 0.061927 0.091931
0 0.691630 0.273713 0.088594 0.119981
0 0.200297 0.324083 0.100594 0.131426
2 0.271521 0.070197 0.093271 0.136691
2 0.367411 0.087185 0.073927 0.170667
0 0.737411 0.770315 0.186823 0.356222
0 0.065521 0.225127 0.063042 0.086006
