0 0.488854 0.368333 0.079937 0.151963
0 0.523854 0.635991 0.118813 0.276426
0 0.489406 0.911787 0.167708 0.180130
0 0.580078 0.223546 0.065927 0.101019
0 0.643188 0.157169 0.061479 0.095476
0 0.783964 0.212284 0.080823 0.105357
0 0.530854 0.077766 0.044375 0.070198
0 0.594969 0.061370 0.038375 0.053211
0 0.885411 0.368926 0.124594 0.122333
3 0.875078 0.660139 0.251927 0.683426
0 0.228297 0.565667 0.137927 0.264556
0 0.042486 0.292287 0.082889 0.108907
0 0.130074 0.196281 0.081039 0.088365
0 0.186187 0.119840 0.047479 0.069802
2 0.169854 0.295442 0.214375 0.347524
0 0.463854 0.080926 0.054375 0.074937
0 0.697411 0.684380 0.165927 0.309204
1 0.342187 0.073025 0.036375 0.067828
0 0.400406 0.062160 0.035042 0.057161
2 0.246854 0.074345 0.118604 0.144987
