0 0.488854 0.368333 0.079937 0.151963
0 0.523854 0.635991 0.118813 0.276426
0 0.489406 0.911787 0.167708 0.180130
0 0.463854 0.080926 0.054375 0.074937
2 0.055484 0.369324 0.108885 0.323833
0 0.603854 0.088827 0.043271 0.063087
0 0.529964 0.069074 0.039927 0.059137
0 0.689969 0.150058 0.071042 0.090735
0 0.629411 0.187595 0.072156 0.094698
0 0.199969 0.191540 0.064375 0.090735
0 0.129408 0.779204 0.194372 0.392963
0 0.572187 0.230065 0.077708 0.116426
0 0.729406 0.351537 0.107708 0.150000
0 0.262187 0.212284 0.073271 0.100617
2 0.292187 0.056173 0.079937 0.108643
2 0.381078 0.059136 0.066594 0.114569
0 0.784964 0.972037 0.158823 0.059630
