0 0.488854 0.368333 0.079937 0.151963
0 0.523854 0.635991 0.118813 0.276426
0 0.489406 0.911787 0.167708 0.180130
0 0.569630 0.186605 0.056156 0.092717
0 0.630188 0.129519 0.052375 0.078100
0 0.775969 0.196479 0.072375 0.099820
0 0.524854 0.064136 0.040375 0.059531
0 0.880854 0.320333 0.105271 0.112852
3 0.858297 0.507000 0.285490 0.560481
0 0.131522 0.822306 0.215934 0.359093
0 0.033597 0.304926 0.065111 0.081259
0 0.110519 0.212880 0.081482 0.089167
0 0.181297 0.125568 0.050156 0.070987
2 0.121599 0.416725 0.241115 0.507920
0 0.463854 0.080926 0.054375 0.074937
0 0.649406 0.497917 0.118375 0.201759
1 0.337521 0.087444 0.037271 0.066641
0 0.394406 0.075988 0.039042 0.062691
2 0.241078 0.107003 0.115927 0.172920
