0 0.488854 0.368333 0.079937 0.151963
0 0.523854 0.635991 0.118813 0.276426
0 0.489406 0.911787 0.167708 0.180130
0 0.463854 0.080926 0.054375 0.074937
0 0.586630 0.082902 0.046594 0.055185
2 0.109375 0.268577 0.216667 0.351476
0 0.643297 0.165861 0.062156 0.082833
0 0.549969 0.157963 0.057708 0.090741
0 0.759411 0.239938 0.096594 0.128272
0 0.213854 0.301176 0.089938 0.124315
0 0.230521 0.609324 0.147708 0.270500
0 0.039375 0.694259 0.076667 0.266556
0 0.697745 0.322898 0.108823 0.140130
0 0.255521 0.125370 0.051042 0.069011
0 0.327188 0.217225 0.061042 0.094698
0 0.623854 0.411787 0.118813 0.187537
0 0.879964 0.669574 0.199927 0.292222
0 0.333854 0.095741 0.043271 0.061111
