0 0.488854 0.368333 0.079937 0.151963
0 0.523854 0.635991 0.118813 0.276426
0 0.489406 0.911787 0.167708 0.180130
0 0.463854 0.080926 0.054375 0.074937
0 0.614297 0.064531 0.042823 0.049259
0 0.612964 0.115889 0.057490 0.069804
2 0.134411 0.207145 0.195490 0.272857
0 0.661188 0.204775 0.073938 0.106931
0 0.564297 0.204382 0.069927 0.111680
0 0.793630 0.287148 0.114823 0.146852
0 0.261521 0.215053 0.068375 0.091931
0 0.314854 0.350750 0.086604 0.146056
0 0.142189 0.446556 0.109268 0.170148
0 0.730297 0.390852 0.130823 0.171741
0 0.269745 0.103444 0.048823 0.062296
0 0.350078 0.150855 0.049927 0.075735
0 0.656630 0.539991 0.146156 0.265352
0 0.926411 0.856481 0.149260 0.290741
0 0.349745 0.067098 0.037260 0.050444
