0 0.488854 0.368333 0.079937 0.151963
0 0.523854 0.635991 0.118813 0.276426
0 0.489406 0.911787 0.167708 0.180130
0 0.463854 0.080926 0.054375 0.074937
0 0.572745 0.061765 0.041927 0.054000
2 0.098599 0.314009 0.195115 0.395722
0 0.632854 0.142358 0.055042 0.078494
0 0.541521 0.128136 0.052813 0.086394
0 0.739187 0.212287 0.089938 0.118796
0 0.163740 0.388676 0.116375 0.156315
0 0.127519 0.879787 0.194149 0.244130
0 0.678078 0.279639 0.095260 0.123130
0 0.241521 0.138012 0.055479 0.069802
0 0.304297 0.282796 0.077490 0.121556
0 0.606964 0.352139 0.104594 0.161463
0 0.824073 0.549463 0.153042 0.221111
0 0.319078 0.114111 0.049260 0.067826
