0 0.488854 0.368333 0.079937 0.151963
0 0.523854 0.635991 0.118813 0.276426
0 0.489406 0.911787 0.167708 0.180130
0 0.463854 0.080926 0.054375 0.074937
2 0.035597 0.387685 0.069111 0.286296
0 0.598740 0.075198 0.039708 0.061111
0 0.527411 0.055049 0.039260 0.060320
0 0.679297 0.135643 0.065260 0.087185
0 0.616635 0.164090 0.065708 0.082450
0 0.185406 0.214058 0.070375 0.093106
0 0.075708 0.925417 0.149333 0.152870
0 0.560969 0.199639 0.070375 0.100611
0 0.711411 0.315000 0.094823 0.127481
0 0.240073 0.256333 0.079708 0.114444
2 0.283188 0.062099 0.083708 0.120494
2 0.375078 0.070988 0.066156 0.138272
0 0.773411 0.884926 0.200594 0.233852
0 0.065965 0.224531 0.063486 0.083235
