0 0.488854 0.368333 0.079937 0.151963
0 0.523854 0.635991 0.118813 0.276426
0 0.489406 0.911787 0.167708 0.180130
0 0.556078 0.136037 0.048594 0.078493
0 0.613411 0.090803 0.045490 0.072569
0 0.773521 0.163102 0.058146 0.079685
0 0.846630 0.254750 0.097260 0.116019
3 0.784745 0.334164 0.224594 0.398894
0 0.027042 0.356287 0.052000 0.098648
0 0.084519 0.233812 0.092149 0.098635
0 0.198302 0.112729 0.065042 0.074543
2 0.071708 0.570602 0.141333 0.482241
0 0.463854 0.080926 0.054375 0.074937
0 0.596521 0.300185 0.079271 0.129444
1 0.322521 0.121815 0.042375 0.080863
0 0.383740 0.111741 0.043042 0.071778
2 0.216740 0.139984 0.134375 0.219920
0 0.941630 0.516083 0.118823 0.206500
