0 0.488854 0.368333 0.079937 0.151963
0 0.523854 0.635991 0.118813 0.276426
0 0.489406 0.911787 0.167708 0.180130
0 0.726078 0.151250 0.057927 0.084426
3 0.632521 0.078494 0.073042 0.153283
0 0.152078 0.179694 0.054823 0.084426
0 0.463854 0.080926 0.054375 0.074937
1 0.070818 0.606954 0.139552 0.275241
0 0.141519 0.848972 0.216816 0.305759
2 0.089266 0.349963 0.176448 0.408370
0 0.771854 0.240722 0.099708 0.110889
0 0.595964 0.259685 0.078594 0.127481
0 0.291854 0.151442 0.058813 0.092709
0 0.875964 0.403491 0.140823 0.169352
3 0.363297 0.130306 0.079490 0.172907
2 0.275411 0.067037 0.089490 0.130370
0 0.189521 0.127938 0.052813 0.078098
0 0.910745 0.817565 0.180594 0.368574
