0 0.488854 0.368333 0.079937 0.151963
0 0.523854 0.635991 0.118813 0.276426
0 0.489406 0.911787 0.167708 0.180130
0 0.463854 0.080926 0.054375 0.074937
0 0.654411 0.102655 0.055490 0.070987
0 0.591630 0.122407 0.056594 0.070989
0 0.140522 0.264630 0.089934 0.118407
0 0.544964 0.153025 0.058823 0.088765
0 0.674411 0.244880 0.075490 0.110500
0 0.157186 0.396981 0.118816 0.161852
2 0.261635 0.081852 0.094375 0.160000
2 0.360521 0.113519 0.083271 0.191481
0 0.701078 0.647833 0.148823 0.280370
0 0.066077 0.224132 0.063264 0.084809
2 0.926630 0.654009 0.148823 0.695685
