0 0.488854 0.368333 0.079937 0.151963
0 0.523854 0.635991 0.118813 0.276426
0 0.489406 0.911787 0.167708 0.180130
0 0.706745 0.120630 0.051260 0.076915
3 0.614078 0.057358 0.062823 0.111013
0 0.119522 0.238556 0.081268 0.119185
0 0.463854 0.080926 0.054375 0.074937
2 0.037153 0.413167 0.072222 0.301704
0 0.729854 0.195294 0.085042 0.097450
0 0.569630 0.164479 0.058823 0.097450
0 0.249740 0.216627 0.073708 0.116413
0 0.811188 0.307685 0.110812 0.135778
3 0.325740 0.237960 0.121708 0.258635
2 0.251297 0.083432 0.106594 0.163161
0 0.166964 0.141963 0.065490 0.078493
0 0.810078 0.520037 0.156594 0.212037
0 0.787302 0.855694 0.251042 0.292315
0 0.973521 0.655935 0.055042 0.197796
0 0.344521 0.070852 0.038375 0.055581
0 0.398302 0.069865 0.034375 0.057556
0 0.318073 0.116680 0.038375 0.058741
