0 0.488854 0.368333 0.079937 0.151963
0 0.523854 0.635991 0.118813 0.276426
0 0.489406 0.911787 0.167708 0.180130
0 0.577188 0.213077 0.062812 0.095883
0 0.640073 0.149861 0.059708 0.091130
0 0.781297 0.205966 0.079490 0.100624
0 0.529745 0.074606 0.043927 0.069407
0 0.593078 0.058605 0.036823 0.053209
0 0.880073 0.347593 0.119708 0.117593
3 0.870521 0.642306 0.261042 0.688870
0 0.207521 0.629667 0.155042 0.308815
0 0.039931 0.297426 0.077778 0.107333
0 0.124965 0.201225 0.082820 0.088772
0 0.186302 0.121222 0.049042 0.070989
2 0.151967 0.319148 0.229711 0.375185
0 0.463854 0.080926 0.054375 0.074937
0 0.683630 0.630852 0.153490 0.276407
1 0.340964 0.077568 0.036156 0.066643
0 0.398854 0.066506 0.035042 0.057161
2 0.245521 0.084482 0.119042 0.142099
