0 0.488854 0.368333 0.079937 0.151963
0 0.523854 0.635991 0.118813 0.276426
0 0.489406 0.911787 0.167708 0.180130
0 0.545854 0.083692 0.038375 0.065457
0 0.594854 0.050309 0.038146 0.058741
0 0.796854 0.140975 0.065271 0.082839
0 0.787630 0.232630 0.064156 0.109704
3 0.700969 0.202016 0.141042 0.276820
0 0.044042 0.277074 0.086000 0.106148
0 0.175745 0.140975 0.070594 0.079680
0 0.463854 0.080926 0.054375 0.074937
0 0.568630 0.163886 0.048823 0.082043
1 0.293854 0.175935 0.052146 0.095870
0 0.365854 0.182058 0.057479 0.090735
2 0.176078 0.175546 0.176156 0.256278
0 0.893854 0.397574 0.140604 0.153556
0 0.770411 0.858259 0.229260 0.287185
0 0.337854 0.066704 0.039271 0.055185
