0 0.488854 0.368333 0.079937 0.151963
0 0.523854 0.635991 0.118813 0.276426
0 0.489406 0.911787 0.167708 0.180130
0 0.463854 0.080926 0.054375 0.074937
0 0.610854 0.056037 0.042146 0.057556
0 0.552740 0.048531 0.037042 0.048865
0 0.023708 0.460380 0.045333 0.154352
0 0.527188 0.084679 0.042813 0.060320
0 0.608078 0.121815 0.047260 0.071381
2 0.196964 0.170009 0.142823 0.221500
2 0.256745 0.373667 0.250823 0.536370
0 0.601521 0.291889 0.073271 0.119185
0 0.069965 0.242509 0.063930 0.091537
2 0.818411 0.332583 0.303927 0.558500
