0 0.488854 0.368333 0.079937 0.151963
0 0.523854 0.635991 0.118813 0.276426
0 0.489406 0.911787 0.167708 0.180130
0 0.463854 0.080926 0.054375 0.074937
2 0.073042 0.341275 0.144000 0.346746
0 0.614630 0.105419 0.045260 0.067828
0 0.533073 0.088235 0.041708 0.070593
0 0.707521 0.170806 0.077271 0.099833
0 0.049486 0.651398 0.096889 0.267722
0 0.645854 0.218997 0.079708 0.102191
0 0.218521 0.170407 0.060604 0.082444
0 0.225854 0.499491 0.121938 0.216759
0 0.583745 0.268778 0.088823 0.129852
0 0.758078 0.409222 0.121490 0.167370
0 0.289406 0.170012 0.058375 0.080865
2 0.300854 0.050049 0.075938 0.096394
2 0.386078 0.050642 0.060156 0.097580
