0 0.488854 0.368333 0.079937 0.151963
0 0.523854 0.635991 0.118813 0.276426
0 0.489406 0.911787 0.167708 0.180130
0 0.463854 0.080926 0.054375 0.074937
0 0.575854 0.066308 0.041479 0.056765
2 0.102042 0.304333 0.202000 0.390593
0 0.635188 0.147886 0.056604 0.080857
0 0.542854 0.135247 0.053708 0.088765
0 0.744302 0.218206 0.090375 0.120365
0 0.178187 0.363000 0.109708 0.145259
0 0.150298 0.833370 0.204153 0.336963
0 0.682078 0.290315 0.097927 0.123926
0 0.244521 0.134062 0.055271 0.069013
0 0.311297 0.263056 0.073260 0.114444
0 0.610964 0.367148 0.108594 0.170148
0 0.835964 0.576528 0.162594 0.230204
0 0.324302 0.109370 0.047708 0.067037
