0 0.488854 0.368333 0.079937 0.151963
0 0.523854 0.635991 0.118813 0.276426
0 0.489406 0.911787 0.167708 0.180130
0 0.540188 0.062357 0.034146 0.052815
0 0.809740 0.132876 0.084375 0.080074
0 0.767297 0.213469 0.068823 0.112469
3 0.675635 0.164281 0.111708 0.230587
0 0.022375 0.301370 0.042667 0.092333
0 0.199521 0.129124 0.068375 0.081259
0 0.463854 0.080926 0.054375 0.074937
0 0.564521 0.121024 0.040604 0.068222
1 0.265073 0.227497 0.060375 0.119191
0 0.345073 0.249815 0.068375 0.113259
2 0.145187 0.217818 0.214375 0.304476
0 0.859187 0.349565 0.126375 0.144463
0 0.702635 0.660083 0.173708 0.322241
0 0.329406 0.086259 0.047708 0.067433
0 0.959745 0.599648 0.082594 0.168963
3 0.390854 0.057358 0.053708 0.111013
