0 0.488854 0.368333 0.079937 0.151963
0 0.523854 0.635991 0.118813 0.276426
0 0.489406 0.911787 0.167708 0.180130
0 0.685073 0.080729 0.043042 0.057161
0 0.055151 0.342065 0.108219 0.170537
0 0.463854 0.080926 0.054375 0.074937
0 0.680073 0.138407 0.065042 0.071381
0 0.550302 0.085864 0.041042 0.069013
0 0.154521 0.373463 0.115708 0.170148
0 0.734078 0.220775 0.104156 0.105746
3 0.174519 0.652435 0.321482 0.698833
2 0.219969 0.123593 0.127042 0.190296
0 0.125189 0.180676 0.075268 0.093500
0 0.724302 0.338500 0.103708 0.138148
0 0.649740 0.467296 0.129708 0.209259
0 0.917297 0.488824 0.167490 0.230204
0 0.322078 0.110161 0.044594 0.071778
0 0.381964 0.123197 0.043927 0.072569
0 0.282297 0.186608 0.045490 0.084820
0 0.895078 0.797815 0.211927 0.408074
0 0.306411 0.064333 0.036823 0.050444
