0 0.488854 0.368333 0.079937 0.151963
0 0.523854 0.635991 0.118813 0.276426
0 0.489406 0.911787 0.167708 0.180130
0 0.463854 0.080926 0.054375 0.074937
0 0.569411 0.058209 0.043260 0.049259
2 0.094932 0.322898 0.187781 0.396907
0 0.630521 0.138210 0.054375 0.074939
0 0.540521 0.120432 0.052146 0.082839
0 0.733854 0.206361 0.089938 0.116426
0 0.147741 0.417713 0.124372 0.171722
0 0.107186 0.929565 0.172149 0.144574
0 0.674411 0.269565 0.093260 0.124315
0 0.238854 0.142160 0.055479 0.070987
0 0.296630 0.304130 0.082156 0.126296
0 0.603297 0.336731 0.099927 0.151981
0 0.812740 0.523389 0.147708 0.221111
0 0.312745 0.119444 0.049927 0.069011
