0 0.488854 0.368333 0.079937 0.151963
0 0.523854 0.635991 0.118813 0.276426
0 0.489406 0.911787 0.167708 0.180130
0 0.847187 0.123395 0.101042 0.080865
0 0.744411 0.184630 0.066594 0.096667
3 0.654406 0.115491 0.091042 0.195426
0 0.182187 0.153021 0.057708 0.084809
0 0.463854 0.080926 0.054375 0.074937
0 0.569964 0.083889 0.035490 0.053211
1 0.206078 0.342648 0.089927 0.167778
0 0.292187 0.427593 0.117708 0.207296
2 0.114375 0.295244 0.226667 0.392957
0 0.816630 0.295241 0.108823 0.120370
0 0.636078 0.419694 0.112156 0.187537
0 0.313854 0.110556 0.052146 0.078889
0 0.929411 0.525370 0.143260 0.213222
3 0.381078 0.077901 0.066594 0.152098
2 0.290521 0.056173 0.085479 0.108643
0 0.203854 0.112531 0.047708 0.067037
