0 0.488854 0.368333 0.079937 0.151963
0 0.523854 0.635991 0.118813 0.276426
0 0.489406 0.911787 0.167708 0.180130
0 0.463854 0.080926 0.054375 0.074937
2 0.028375 0.397370 0.054667 0.278000
0 0.596740 0.071247 0.038375 0.060320
0 0.675297 0.129123 0.063927 0.082839
0 0.612630 0.157769 0.064823 0.080870
0 0.179745 0.220581 0.072823 0.093506
0 0.558630 0.190355 0.067927 0.097846
0 0.706297 0.303546 0.092594 0.123537
0 0.231630 0.271935 0.083260 0.121167
2 0.279740 0.064667 0.085708 0.125630
2 0.373073 0.075136 0.068375 0.146569
0 0.768188 0.859639 0.204813 0.284426
0 0.066077 0.226312 0.064153 0.083635
