0 0.488854 0.368333 0.079937 0.151963
0 0.523854 0.635991 0.118813 0.276426
0 0.489406 0.911787 0.167708 0.180130
0 0.592297 0.271343 0.075260 0.118389
0 0.659854 0.186206 0.067271 0.101402
0 0.793740 0.233614 0.093708 0.115624
0 0.538854 0.088827 0.043937 0.073357
0 0.601854 0.075987 0.041042 0.056370
0 0.921630 0.455843 0.158823 0.179241
3 0.900297 0.706556 0.201490 0.590593
0 0.278521 0.399741 0.104604 0.168963
0 0.057298 0.271343 0.072820 0.099426
0 0.140853 0.186407 0.075482 0.086000
0 0.188521 0.117271 0.049937 0.070987
2 0.224630 0.217419 0.156823 0.279976
0 0.463854 0.080926 0.054375 0.074937
0 0.751188 0.868139 0.206375 0.267426
