0 0.488854 0.368333 0.079937 0.151963
0 0.523854 0.635991 0.118813 0.276426
0 0.489406 0.911787 0.167708 0.180130
0 0.463854 0.080926 0.054375 0.074937
2 0.063708 0.360630 0.125333 0.350704
0 0.610630 0.098704 0.047927 0.065456
0 0.532188 0.079544 0.039938 0.059531
0 0.699521 0.160531 0.072813 0.090346
0 0.022375 0.719741 0.042667 0.178444
0 0.636964 0.200037 0.076156 0.094296
0 0.209854 0.180679 0.061042 0.080865
0 0.187411 0.616824 0.155260 0.280759
0 0.577302 0.248231 0.080375 0.117204
0 0.743635 0.379194 0.110375 0.151574
0 0.280297 0.191345 0.066823 0.085606
2 0.295521 0.051234 0.075938 0.098765
2 0.386521 0.053012 0.061937 0.102320
