0 0.488854 0.368333 0.079937 0.151963
0 0.523854 0.635991 0.118813 0.276426
0 0.489406 0.911787 0.167708 0.180130
0 0.708969 0.125766 0.053042 0.079283
3 0.615411 0.059333 0.064156 0.114963
0 0.123964 0.232238 0.075927 0.116820
0 0.463854 0.080926 0.054375 0.074937
2 0.044597 0.406065 0.087111 0.319093
0 0.734740 0.201021 0.086375 0.097846
0 0.572302 0.172581 0.059708 0.097061
0 0.254854 0.207546 0.071479 0.114056
0 0.817969 0.316583 0.112375 0.136167
3 0.332188 0.222164 0.116375 0.246006
2 0.254630 0.080074 0.103490 0.156444
0 0.170964 0.141766 0.064594 0.080469
0 0.822078 0.545324 0.161927 0.225463
0 0.792188 0.881370 0.239937 0.240963
0 0.979521 0.675296 0.043042 0.186741
0 0.346745 0.067692 0.037927 0.055580
0 0.399635 0.065914 0.034375 0.055976
