0 0.488854 0.368333 0.079937 0.151963
0 0.523854 0.635991 0.118813 0.276426
0 0.489406 0.911787 0.167708 0.180130
0 0.731630 0.166849 0.063260 0.092709
3 0.639964 0.088766 0.079927 0.173828
0 0.165521 0.178701 0.053271 0.080857
0 0.463854 0.080926 0.054375 0.074937
0 0.571630 0.057222 0.032156 0.051233
1 0.129965 0.480926 0.128820 0.223074
0 0.214406 0.681417 0.177708 0.359389
2 0.101042 0.345618 0.200000 0.438394
0 0.787745 0.259694 0.102156 0.116426
0 0.609964 0.305120 0.088823 0.140130
0 0.299964 0.135247 0.055490 0.088765
0 0.902745 0.444389 0.158823 0.185556
3 0.370521 0.104633 0.072146 0.177661
2 0.280521 0.058148 0.087708 0.112593
0 0.195521 0.122407 0.051042 0.074937
0 0.933854 0.884139 0.134375 0.235426
