0 0.488854 0.368333 0.079937 0.151963
0 0.523854 0.635991 0.118813 0.276426
0 0.489406 0.911787 0.167708 0.180130
0 0.703188 0.114308 0.048604 0.076913
3 0.610078 0.051827 0.059260 0.099950
0 0.110630 0.250796 0.086594 0.126296
0 0.463854 0.080926 0.054375 0.074937
0 0.719854 0.183843 0.081937 0.090352
0 0.564969 0.146706 0.055708 0.088772
0 0.236854 0.236380 0.079937 0.124315
0 0.798740 0.289519 0.109042 0.129444
3 0.311521 0.283787 0.139479 0.299722
2 0.247078 0.092975 0.107927 0.156716
0 0.159406 0.151049 0.066375 0.080865
0 0.788964 0.473019 0.141927 0.193852
0 0.759745 0.808287 0.236823 0.387130
0 0.961521 0.628287 0.079042 0.218352
0 0.340964 0.076382 0.036594 0.052420
0 0.396969 0.076976 0.034375 0.052815
0 0.313411 0.127345 0.041490 0.059531
