0 0.488854 0.368333 0.079937 0.151963
0 0.523854 0.635991 0.118813 0.276426
0 0.489406 0.911787 0.167708 0.180130
0 0.739630 0.175546 0.064156 0.095093
3 0.648302 0.105022 0.085042 0.185549
0 0.169969 0.175151 0.059042 0.086402
0 0.463854 0.080926 0.054375 0.074937
0 0.569854 0.074803 0.034813 0.054791
1 0.181521 0.392630 0.099479 0.187926
0 0.268187 0.511148 0.128812 0.254296
2 0.109042 0.324281 0.216000 0.432069
0 0.804521 0.280630 0.108604 0.111667
0 0.624521 0.369130 0.101479 0.172519
0 0.309745 0.121618 0.053260 0.086791
0 0.923854 0.491000 0.154375 0.200556
3 0.378630 0.086259 0.064823 0.142493
2 0.287964 0.055975 0.087490 0.108246
0 0.200630 0.119840 0.050156 0.069013
