0 0.488854 0.368333 0.079937 0.151963
0 0.523854 0.635991 0.118813 0.276426
0 0.489406 0.911787 0.167708 0.180130
0 0.540854 0.065913 0.036813 0.057556
0 0.805740 0.134654 0.084375 0.083630
0 0.770964 0.217025 0.065490 0.112469
3 0.682635 0.171392 0.120375 0.247180
0 0.028042 0.299000 0.054000 0.097074
0 0.184854 0.134457 0.073708 0.082444
0 0.463854 0.080926 0.054375 0.074937
0 0.564854 0.128728 0.042604 0.071778
1 0.272073 0.213868 0.058375 0.115635
0 0.348740 0.237963 0.063708 0.115630
2 0.152521 0.207744 0.201042 0.293809
0 0.866854 0.358454 0.125708 0.145648
0 0.715635 0.708676 0.185042 0.353056
0 0.331073 0.081519 0.044375 0.062693
0 0.964078 0.609130 0.073927 0.154741
3 0.391854 0.052025 0.051708 0.100346
