0 0.488854 0.368333 0.079937 0.151963
0 0.523854 0.635991 0.118813 0.276426
0 0.489406 0.911787 0.167708 0.180130
0 0.463854 0.080926 0.054375 0.074937
0 0.657745 0.107395 0.056823 0.075728
0 0.594630 0.128926 0.058594 0.072174
0 0.148521 0.256333 0.087271 0.118407
0 0.547630 0.156581 0.060156 0.088765
0 0.679411 0.253176 0.080156 0.115241
0 0.173187 0.372685 0.109479 0.155926
2 0.264635 0.077704 0.096375 0.151704
2 0.362521 0.102852 0.081937 0.182000
0 0.714078 0.685759 0.156156 0.313556
0 0.067077 0.224725 0.062597 0.083624
2 0.941964 0.679491 0.118156 0.644722
