0 0.488854 0.368333 0.079937 0.151963
0 0.523854 0.635991 0.118813 0.276426
0 0.489406 0.911787 0.167708 0.180130
0 0.544635 0.079148 0.037708 0.061111
0 0.797297 0.138606 0.070156 0.081259
0 0.783969 0.228284 0.063042 0.108913
3 0.695521 0.194306 0.135042 0.270093
0 0.040819 0.283000 0.079555 0.110889
0 0.177854 0.139790 0.069937 0.080469
0 0.463854 0.080926 0.054375 0.074937
0 0.567854 0.154602 0.047708 0.079278
1 0.288964 0.183447 0.052594 0.098254
0 0.362302 0.194312 0.059708 0.095487
2 0.169189 0.184034 0.181934 0.266931
0 0.887521 0.388093 0.138146 0.151185
0 0.760854 0.832972 0.223937 0.337759
0 0.335854 0.069864 0.039708 0.055976
0 0.982187 0.656537 0.037708 0.123926
