0 0.488854 0.368333 0.079937 0.151963
0 0.523854 0.635991 0.118813 0.276426
0 0.489406 0.911787 0.167708 0.180130
0 0.683078 0.077963 0.041260 0.054789
0 0.052708 0.356083 0.103333 0.176463
0 0.463854 0.080926 0.054375 0.074937
0 0.674854 0.133469 0.063479 0.070198
0 0.548854 0.081123 0.041271 0.066643
0 0.141965 0.398750 0.123486 0.183574
0 0.725302 0.213864 0.101708 0.102198
3 0.163266 0.673176 0.324448 0.657352
2 0.218740 0.125169 0.126375 0.190291
0 0.120521 0.187392 0.079708 0.094291
0 0.719521 0.328435 0.100375 0.131426
0 0.642297 0.441611 0.124156 0.195037
0 0.914078 0.472231 0.173927 0.221500
0 0.320073 0.114901 0.045042 0.073357
0 0.380188 0.132086 0.045271 0.073754
0 0.277854 0.195889 0.048146 0.088370
0 0.888630 0.763000 0.224823 0.392963
0 0.304969 0.067099 0.037042 0.052024
0 0.383635 0.066704 0.035708 0.052026
