0 0.488854 0.368333 0.079937 0.151963
0 0.523854 0.635991 0.118813 0.276426
0 0.489406 0.911787 0.167708 0.180130
0 0.564521 0.169225 0.053042 0.086402
0 0.624854 0.114902 0.048813 0.074148
0 0.772187 0.181074 0.065708 0.084815
0 0.521745 0.058209 0.041260 0.058741
0 0.872854 0.289519 0.091938 0.119185
3 0.849630 0.450898 0.302823 0.505167
0 0.101741 0.910407 0.177705 0.182889
0 0.030264 0.312435 0.058445 0.077315
0 0.103854 0.220386 0.085042 0.097857
0 0.181297 0.131494 0.051927 0.073357
2 0.110266 0.492583 0.218448 0.586944
0 0.463854 0.080926 0.054375 0.074937
0 0.630521 0.425611 0.103708 0.167778
1 0.333078 0.096926 0.040823 0.072963
0 0.391297 0.087049 0.039927 0.069013
2 0.231745 0.118460 0.129260 0.187931
