0 0.488854 0.368333 0.079937 0.151963
0 0.523854 0.635991 0.118813 0.276426
0 0.489406 0.911787 0.167708 0.180130
0 0.463854 0.080926 0.054375 0.074937
0 0.612187 0.060185 0.042146 0.061111
0 0.554406 0.053271 0.037708 0.051235
0 0.029375 0.453269 0.056667 0.175685
0 0.527187 0.085864 0.045479 0.065061
0 0.611078 0.128333 0.046594 0.074937
2 0.201630 0.165861 0.138823 0.225056
2 0.271078 0.335741 0.228823 0.481852
0 0.603854 0.306111 0.076604 0.126296
0 0.069965 0.241917 0.059930 0.092722
2 0.836078 0.354509 0.329927 0.590500
