0 0.488854 0.368333 0.079937 0.151963
0 0.523854 0.635991 0.118813 0.276426
0 0.489406 0.911787 0.167708 0.180130
0 0.463854 0.080926 0.054375 0.074937
0 0.624078 0.075395 0.044156 0.051235
0 0.630297 0.132877 0.066823 0.073754
2 0.156856 0.184627 0.175934 0.253894
0 0.042042 0.254157 0.082000 0.111685
0 0.670635 0.224729 0.077708 0.106543
0 0.574188 0.236583 0.076812 0.127093
0 0.812740 0.311639 0.123708 0.146833
0 0.277745 0.183836 0.059927 0.084809
0 0.335964 0.278648 0.075927 0.122741
0 0.183969 0.370306 0.093708 0.150389
0 0.751740 0.435685 0.139042 0.190296
0 0.277745 0.094950 0.044823 0.058741
0 0.358521 0.124976 0.046812 0.070593
0 0.678630 0.627491 0.169260 0.311574
0 0.956078 0.922657 0.089927 0.158389
