0 0.488854 0.368333 0.079937 0.151963
0 0.523854 0.635991 0.118813 0.276426
0 0.489406 0.911787 0.167708 0.180130
0 0.727745 0.154806 0.058594 0.089167
3 0.635188 0.083234 0.075708 0.162765
0 0.155078 0.179694 0.052823 0.077315
0 0.463854 0.080926 0.054375 0.074937
1 0.088186 0.558361 0.142149 0.253907
0 0.162853 0.814602 0.214149 0.374500
2 0.093932 0.351148 0.185781 0.424963
0 0.775854 0.246056 0.102375 0.112074
0 0.600630 0.274500 0.081260 0.131037
0 0.294187 0.143738 0.055479 0.086783
0 0.885630 0.417120 0.146823 0.168167
3 0.366630 0.124380 0.078156 0.170537
2 0.276745 0.064074 0.088156 0.124444
0 0.189854 0.126753 0.054813 0.075728
0 0.918078 0.837120 0.165927 0.329463
