0 0.488854 0.368333 0.079937 0.151963
0 0.523854 0.635991 0.118813 0.276426
0 0.489406 0.911787 0.167708 0.180130
0 0.463854 0.080926 0.054375 0.074937
0 0.638854 0.087839 0.053271 0.072963
0 0.577188 0.097716 0.047708 0.065061
0 0.096630 0.318954 0.106594 0.136167
0 0.534964 0.125370 0.052156 0.080863
0 0.648854 0.198460 0.066604 0.096672
0 0.073266 0.588583 0.144448 0.260611
2 0.242188 0.102655 0.106604 0.157902
2 0.343297 0.159942 0.102156 0.256672
0 0.661635 0.495741 0.121042 0.197407
0 0.069410 0.232037 0.063264 0.084815
2 0.883854 0.582651 0.234375 0.813698
