0 0.488854 0.368333 0.079937 0.151963
0 0.523854 0.635991 0.118813 0.276426
0 0.489406 0.911787 0.167708 0.180130
0 0.524411 0.046358 0.039927 0.061111
2 0.021042 0.409815 0.040000 0.274444
0 0.594406 0.067099 0.037708 0.059135
0 0.671630 0.121419 0.063260 0.076913
0 0.608297 0.153028 0.065490 0.080870
0 0.174411 0.227099 0.075490 0.094691
0 0.556630 0.182651 0.066594 0.096661
0 0.701630 0.292287 0.089927 0.122352
0 0.223297 0.287343 0.086594 0.128278
2 0.276073 0.067037 0.087708 0.130370
2 0.371073 0.079877 0.071042 0.156050
0 0.762188 0.834750 0.208813 0.334204
0 0.066077 0.228093 0.065486 0.084815
