0 0.488854 0.368333 0.079937 0.151963
0 0.523854 0.635991 0.118813 0.276426
0 0.489406 0.911787 0.167708 0.180130
0 0.463854 0.080926 0.054375 0.074937
0 0.636187 0.086061 0.051937 0.069407
0 0.574521 0.094160 0.047708 0.065061
0 0.086964 0.330806 0.108594 0.138537
0 0.533964 0.121815 0.052823 0.078493
0 0.645854 0.188979 0.064604 0.091931
0 0.062932 0.649620 0.123781 0.304463
2 0.239187 0.109176 0.104604 0.156722
2 0.340964 0.167645 0.114823 0.267339
0 0.654969 0.470852 0.111708 0.187926
0 0.067743 0.233222 0.065264 0.082444
2 0.877854 0.579345 0.246375 0.845013
