0 0.488854 0.368333 0.079937 0.151963
0 0.523854 0.635991 0.118813 0.276426
0 0.489406 0.911787 0.167708 0.180130
0 0.674854 0.053667 0.035042 0.051233
0 0.018597 0.445167 0.035111 0.150000
0 0.463854 0.080926 0.054375 0.074937
0 0.643188 0.098308 0.052604 0.061506
0 0.537854 0.047543 0.034813 0.060321
0 0.054042 0.652972 0.106000 0.316722
0 0.665630 0.165466 0.081490 0.088365
2 0.187187 0.164281 0.150375 0.225846
0 0.072408 0.220382 0.085705 0.108124
0 0.690302 0.264231 0.089042 0.122352
0 0.595630 0.301565 0.095260 0.144870
0 0.849297 0.369519 0.145260 0.174111
0 0.298187 0.148682 0.051479 0.077709
0 0.358964 0.200231 0.055260 0.094685
0 0.235411 0.274907 0.065927 0.107333
0 0.797745 0.532676 0.182594 0.247574
0 0.288630 0.080333 0.040823 0.054000
0 0.369521 0.094160 0.040375 0.053209
0 0.734078 0.809269 0.225927 0.385167
