0 0.488854 0.368333 0.079937 0.151963
0 0.523854 0.635991 0.118813 0.276426
0 0.489406 0.911787 0.167708 0.180130
0 0.539302 0.058803 0.033708 0.049654
0 0.814411 0.131494 0.086594 0.078889
0 0.764521 0.208731 0.068604 0.106944
3 0.671745 0.155194 0.107490 0.227426
0 0.205078 0.123790 0.063490 0.078494
0 0.463854 0.080926 0.054375 0.074937
0 0.564630 0.114111 0.038594 0.066248
1 0.258964 0.240731 0.063260 0.123537
0 0.339854 0.268389 0.074375 0.122741
2 0.137187 0.228676 0.218375 0.315130
0 0.853302 0.340278 0.124375 0.139333
0 0.690969 0.615046 0.162375 0.293796
0 0.326854 0.089024 0.048375 0.068222
0 0.954964 0.600426 0.092156 0.202148
3 0.389630 0.060716 0.055260 0.117728
2 0.304078 0.044321 0.076594 0.084939
