0 0.488854 0.368333 0.079937 0.151963
0 0.523854 0.635991 0.118813 0.276426
0 0.489406 0.911787 0.167708 0.180130
0 0.463854 0.080926 0.054375 0.074937
2 0.042597 0.383537 0.083111 0.304074
0 0.600073 0.078754 0.042375 0.061111
0 0.528078 0.057419 0.040594 0.057950
0 0.683964 0.139791 0.067927 0.088370
0 0.619969 0.173571 0.069708 0.087191
0 0.191740 0.207540 0.068375 0.094291
0 0.091375 0.874454 0.180667 0.254796
0 0.563969 0.212083 0.075042 0.106537
0 0.717411 0.326852 0.096156 0.136963
0 0.248740 0.240333 0.075708 0.108519
2 0.286187 0.059136 0.081708 0.114569
2 0.377078 0.068025 0.064823 0.132346
0 0.777078 0.911000 0.195927 0.181704
0 0.065632 0.222753 0.064153 0.084420
