0 0.488854 0.368333 0.079937 0.151963
0 0.523854 0.635991 0.118813 0.276426
0 0.489406 0.911787 0.167708 0.180130
0 0.547854 0.093963 0.041479 0.067037
0 0.597964 0.056630 0.039927 0.058741
0 0.791073 0.147692 0.061708 0.085209
0 0.796078 0.245667 0.068594 0.116815
3 0.718078 0.226114 0.157490 0.299735
0 0.049153 0.263639 0.096222 0.099833
0 0.175297 0.133469 0.065260 0.082050
0 0.463854 0.080926 0.054375 0.074937
0 0.571740 0.184831 0.055042 0.090746
1 0.300964 0.160136 0.052156 0.091135
0 0.371188 0.160729 0.052146 0.087580
2 0.188078 0.163688 0.164594 0.238883
0 0.910078 0.418500 0.148156 0.160667
0 0.779073 0.915546 0.211042 0.172611
