0 0.488854 0.368333 0.079937 0.151963
0 0.523854 0.635991 0.118813 0.276426
0 0.489406 0.911787 0.167708 0.180130
0 0.598964 0.301769 0.083260 0.130241
0 0.668521 0.205960 0.072146 0.109302
0 0.798630 0.244287 0.098156 0.116426
0 0.542630 0.096729 0.046156 0.082839
0 0.605854 0.084284 0.043708 0.060320
0 0.929854 0.474407 0.142375 0.168963
3 0.912297 0.740528 0.177490 0.522648
0 0.042264 0.819889 0.082445 0.288667
0 0.297187 0.347194 0.093042 0.150796
0 0.062409 0.263843 0.075042 0.098648
0 0.147521 0.177324 0.075479 0.086796
0 0.192964 0.112531 0.050823 0.072569
2 0.243969 0.194111 0.140375 0.246000
0 0.463854 0.080926 0.054375 0.074937
0 0.761635 0.938065 0.173042 0.127574
