0 0.488854 0.368333 0.079937 0.151963
0 0.523854 0.635991 0.118813 0.276426
0 0.489406 0.911787 0.167708 0.180130
0 0.546854 0.089025 0.040375 0.066643
0 0.596187 0.053272 0.039479 0.057556
0 0.794187 0.143345 0.061271 0.082839
0 0.790630 0.237370 0.070156 0.119185
3 0.710635 0.209719 0.151042 0.289857
0 0.046375 0.269963 0.090667 0.099037
0 0.178078 0.137419 0.065927 0.082050
0 0.463854 0.080926 0.054375 0.074937
0 0.569630 0.172775 0.052156 0.085598
1 0.297187 0.167639 0.052146 0.093500
0 0.368521 0.171392 0.053479 0.090735
2 0.182745 0.169028 0.168156 0.243241
0 0.902188 0.408241 0.142604 0.158296
0 0.775078 0.884333 0.223927 0.235037
0 0.339854 0.065519 0.040604 0.055185
