0 0.488854 0.368333 0.079937 0.151963
0 0.523854 0.635991 0.118813 0.276426
0 0.489406 0.911787 0.167708 0.180130
0 0.463854 0.080926 0.054375 0.074937
0 0.565411 0.054061 0.039260 0.050444
2 0.091266 0.327639 0.180448 0.392167
0 0.627188 0.131099 0.053042 0.074939
0 0.539188 0.116284 0.050813 0.079283
0 0.729187 0.201028 0.088604 0.112870
0 0.128408 0.446750 0.133705 0.184759
0 0.670078 0.261861 0.089927 0.120759
0 0.235521 0.146308 0.055479 0.072172
0 0.287630 0.326648 0.084156 0.138148
0 0.599964 0.323694 0.095927 0.151981
0 0.801406 0.500278 0.143708 0.208074
0 0.313078 0.128926 0.050594 0.073752
