0 0.488854 0.368333 0.079937 0.151963
0 0.523854 0.635991 0.118813 0.276426
0 0.489406 0.911787 0.167708 0.180130
0 0.554411 0.121815 0.045260 0.073752
0 0.608078 0.080729 0.045490 0.069013
0 0.776854 0.155398 0.058146 0.080870
0 0.834630 0.229861 0.090594 0.108907
3 0.758745 0.300386 0.195260 0.364524
0 0.025708 0.380583 0.049333 0.109315
0 0.074519 0.241519 0.096149 0.090333
0 0.181302 0.124581 0.069708 0.072172
2 0.045708 0.607343 0.089333 0.420611
0 0.463854 0.080926 0.054375 0.074937
0 0.588521 0.261667 0.073938 0.114037
1 0.318521 0.133074 0.043708 0.079678
0 0.382740 0.124185 0.042375 0.077704
2 0.210073 0.146503 0.139708 0.223476
0 0.933964 0.485269 0.134156 0.192278
