0 0.488854 0.368333 0.079937 0.151963
0 0.523854 0.635991 0.118813 0.276426
0 0.489406 0.911787 0.167708 0.180130
0 0.488078 0.067098 0.048594 0.069407
0 0.592740 0.062358 0.037042 0.054394
0 0.669297 0.119049 0.061260 0.076913
0 0.605297 0.145914 0.059490 0.080865
0 0.168078 0.234803 0.078823 0.100617
0 0.553964 0.176725 0.063927 0.094291
0 0.696964 0.283398 0.089927 0.121167
0 0.211964 0.304528 0.094594 0.127093
2 0.274073 0.068222 0.090375 0.132741
2 0.369406 0.083432 0.071708 0.163161
0 0.749521 0.802898 0.199479 0.346352
0 0.065410 0.226312 0.064153 0.086006
