0 0.488854 0.368333 0.079937 0.151963
0 0.523854 0.635991 0.118813 0.276426
0 0.489406 0.911787 0.167708 0.180130
0 0.721635 0.146108 0.061042 0.086783
3 0.628297 0.071975 0.076594 0.140246
0 0.145521 0.190556 0.057708 0.096667
0 0.463854 0.080926 0.054375 0.074937
1 0.046042 0.723889 0.090000 0.353444
0 0.113301 0.950306 0.171045 0.103093
2 0.079375 0.361419 0.156667 0.383087
0 0.761630 0.230058 0.098823 0.108513
0 0.588854 0.235988 0.075479 0.124320
0 0.283297 0.159942 0.059927 0.090746
0 0.858854 0.375241 0.133271 0.161852
3 0.360521 0.149077 0.083271 0.183587
2 0.269406 0.070988 0.094375 0.138272
0 0.186635 0.134259 0.051042 0.078889
0 0.902745 0.746602 0.196594 0.347537
