0 0.488854 0.368333 0.079937 0.151963
0 0.523854 0.635991 0.118813 0.276426
0 0.489406 0.911787 0.167708 0.180130
0 0.463854 0.080926 0.054375 0.074937
2 0.087708 0.329222 0.173333 0.383481
0 0.624078 0.124581 0.051260 0.073754
0 0.537854 0.110951 0.049042 0.077309
0 0.724411 0.194901 0.086594 0.109309
0 0.108522 0.482306 0.141934 0.202944
0 0.665302 0.253963 0.087042 0.116815
0 0.232188 0.150855 0.055479 0.073365
0 0.278297 0.351352 0.088594 0.148815
0 0.596411 0.311250 0.093260 0.148426
0 0.790854 0.479148 0.139937 0.195815
0 0.311297 0.137815 0.051927 0.078100
2 0.309745 0.042345 0.071490 0.080987
2 0.391188 0.043531 0.061937 0.083357
