0 0.488854 0.368333 0.079937 0.151963
0 0.523854 0.635991 0.118813 0.276426
0 0.489406 0.911787 0.167708 0.180130
0 0.463854 0.080926 0.054375 0.074937
0 0.615187 0.062556 0.041479 0.061111
0 0.557073 0.056827 0.037708 0.051235
0 0.034375 0.442602 0.066667 0.178056
0 0.526854 0.088827 0.044813 0.066246
0 0.614745 0.133074 0.049927 0.077307
2 0.206630 0.154602 0.134156 0.212019
2 0.282411 0.305519 0.204823 0.442741
0 0.607187 0.319148 0.079271 0.131037
0 0.069298 0.240139 0.061264 0.089167
2 0.839745 0.386509 0.322594 0.637907
