0 0.488854 0.368333 0.079937 0.151963
0 0.523854 0.635991 0.118813 0.276426
0 0.489406 0.911787 0.167708 0.180130
0 0.674411 0.046556 0.031490 0.051233
0 0.463854 0.080926 0.054375 0.074937
0 0.634302 0.088432 0.051708 0.059135
0 0.031597 0.703537 0.061111 0.242444
0 0.651406 0.149667 0.074375 0.078889
2 0.176519 0.172185 0.154816 0.225852
0 0.051931 0.233423 0.101778 0.116820
0 0.681411 0.248426 0.081927 0.114444
0 0.587854 0.270750 0.089479 0.130648
0 0.833521 0.347796 0.136813 0.165407
0 0.290630 0.159349 0.055927 0.080080
0 0.351187 0.227889 0.062812 0.107333
0 0.218078 0.308083 0.076594 0.123130
0 0.778635 0.490407 0.165708 0.224667
0 0.283964 0.085865 0.043927 0.058741
0 0.365078 0.104432 0.043927 0.064272
0 0.707188 0.741074 0.197042 0.381519
