0 0.488854 0.368333 0.079937 0.151963
0 0.523854 0.635991 0.118813 0.276426
0 0.489406 0.911787 0.167708 0.180130
0 0.463854 0.080926 0.054375 0.074937
0 0.605521 0.053864 0.039479 0.050839
0 0.597964 0.100877 0.053260 0.062691
2 0.111151 0.239938 0.220219 0.310791
0 0.652521 0.187201 0.065479 0.093117
0 0.556297 0.180682 0.066823 0.101413
0 0.775740 0.261269 0.105708 0.140130
0 0.241411 0.251398 0.075260 0.105352
0 0.282297 0.454657 0.114823 0.183981
0 0.082297 0.554407 0.124594 0.202556
0 0.713078 0.352926 0.115927 0.157519
0 0.261964 0.113519 0.051927 0.061111
0 0.339969 0.182062 0.053708 0.078098
0 0.638630 0.468278 0.130594 0.222296
0 0.905297 0.804926 0.191490 0.393852
0 0.341854 0.081716 0.041479 0.060717
