0 0.488854 0.368333 0.079937 0.151963
0 0.523854 0.635991 0.118813 0.276426
0 0.489406 0.911787 0.167708 0.180130
0 0.705411 0.118259 0.048594 0.076915
3 0.611411 0.054988 0.061490 0.106272
0 0.114856 0.243296 0.085268 0.121556
0 0.463854 0.080926 0.054375 0.074937
2 0.028819 0.420278 0.055555 0.282741
0 0.724521 0.188775 0.083708 0.093894
0 0.566964 0.154405 0.058823 0.093894
0 0.242406 0.223738 0.075042 0.116413
0 0.804854 0.297611 0.110146 0.134593
3 0.319740 0.261664 0.127042 0.282339
2 0.248630 0.090803 0.106594 0.155531
0 0.162964 0.147296 0.065490 0.077307
0 0.798745 0.495148 0.149927 0.202556
0 0.775969 0.829620 0.251042 0.344463
0 0.967521 0.641713 0.067042 0.204907
0 0.343188 0.073222 0.037042 0.050841
0 0.398302 0.072235 0.034375 0.052815
0 0.315740 0.123198 0.040375 0.057556
