0 0.488854 0.368333 0.079937 0.151963
0 0.523854 0.635991 0.118813 0.276426
0 0.489406 0.911787 0.167708 0.180130
0 0.691745 0.095938 0.048823 0.068617
0 0.083853 0.292870 0.102816 0.151185
0 0.463854 0.080926 0.054375 0.074937
0 0.697630 0.159540 0.072594 0.081254
0 0.555745 0.112729 0.047927 0.079283
0 0.195745 0.300185 0.096823 0.146037
0 0.765073 0.251398 0.103042 0.114833
3 0.253854 0.426806 0.211708 0.453796
2 0.231411 0.107991 0.113927 0.163833
0 0.141411 0.163102 0.071260 0.096278
0 0.749745 0.388676 0.117260 0.153944
0 0.688297 0.593722 0.161927 0.280370
0 0.933745 0.564880 0.134594 0.269315
0 0.329969 0.092975 0.040375 0.064272
0 0.391078 0.099099 0.038156 0.060717
0 0.296411 0.156386 0.046156 0.074154
0 0.927078 0.863991 0.147927 0.275722
