0 0.488854 0.368333 0.079937 0.151963
0 0.523854 0.635991 0.118813 0.276426
0 0.489406 0.911787 0.167708 0.180130
0 0.677521 0.063345 0.037271 0.053209
0 0.037042 0.416333 0.072000 0.202148
0 0.463854 0.080926 0.054375 0.074937
0 0.655406 0.113716 0.058375 0.066246
0 0.541854 0.061963 0.039271 0.061507
0 0.078375 0.515889 0.154667 0.234556
0 0.689078 0.186602 0.093260 0.095870
3 0.134042 0.785370 0.266000 0.432963
2 0.198187 0.142954 0.143479 0.210056
0 0.097521 0.203197 0.084375 0.097457
0 0.700964 0.289907 0.090823 0.119185
0 0.613854 0.355889 0.105479 0.165000
0 0.877411 0.409019 0.163260 0.189111
0 0.309521 0.132284 0.046604 0.073357
0 0.369635 0.167046 0.050375 0.085204
0 0.255969 0.236778 0.053708 0.097444
0 0.839078 0.616630 0.209260 0.292222
0 0.295740 0.076185 0.039042 0.063878
0 0.377411 0.081320 0.036156 0.059926
0 0.757297 0.880185 0.229260 0.243333
