0 0.488854 0.368333 0.079937 0.151963
0 0.523854 0.635991 0.118813 0.276426
0 0.489406 0.911787 0.167708 0.180130
0 0.678521 0.066901 0.039271 0.053209
0 0.041708 0.403296 0.081333 0.204519
0 0.463854 0.080926 0.054375 0.074937
0 0.660073 0.117271 0.057042 0.063876
0 0.542521 0.067296 0.040604 0.062693
0 0.096521 0.484481 0.146375 0.233370
0 0.698078 0.195491 0.096594 0.099426
3 0.143042 0.749815 0.284000 0.504074
2 0.202854 0.142361 0.134146 0.206500
0 0.100188 0.196679 0.077708 0.093902
0 0.705630 0.300574 0.093490 0.121556
0 0.620521 0.374852 0.112146 0.174481
0 0.886411 0.421463 0.166594 0.199778
0 0.311521 0.129321 0.046604 0.074543
0 0.371969 0.158750 0.048375 0.080463
0 0.262302 0.224331 0.051708 0.093894
0 0.854745 0.647444 0.220594 0.315926
0 0.298073 0.073815 0.039708 0.054396
0 0.379745 0.076580 0.038156 0.062296
0 0.764297 0.909815 0.213927 0.184074
