0 0.488854 0.368333 0.079937 0.151963
0 0.523854 0.635991 0.118813 0.276426
0 0.489406 0.911787 0.167708 0.180130
0 0.582078 0.233620 0.067260 0.102204
0 0.647854 0.163688 0.062812 0.091920
0 0.785964 0.218210 0.083490 0.107728
0 0.533521 0.080136 0.044375 0.067828
0 0.596635 0.064926 0.040375 0.053211
0 0.890078 0.391444 0.135260 0.134185
3 0.882078 0.669620 0.237927 0.664463
0 0.243297 0.520630 0.125260 0.240852
0 0.043486 0.286361 0.084889 0.104167
0 0.132074 0.195688 0.081039 0.087180
0 0.186521 0.118062 0.046812 0.066246
2 0.186188 0.275294 0.197708 0.323820
0 0.463854 0.080926 0.054375 0.074937
0 0.711411 0.746602 0.180594 0.348315
1 0.343854 0.070062 0.035708 0.064272
0 0.401740 0.056234 0.033708 0.057161
2 0.250854 0.075531 0.114604 0.147357
