0 0.488854 0.368333 0.079937 0.151963
0 0.523854 0.635991 0.118813 0.276426
0 0.489406 0.911787 0.167708 0.180130
0 0.463854 0.080926 0.054375 0.074937
0 0.582297 0.078161 0.044594 0.055185
2 0.107375 0.281021 0.212667 0.364513
0 0.640297 0.161713 0.061490 0.081648
0 0.547302 0.149074 0.056375 0.089556
0 0.754078 0.231642 0.093927 0.123531
0 0.201521 0.323102 0.098604 0.134981
0 0.204521 0.689917 0.170375 0.329759
0 0.027708 0.740481 0.053333 0.209667
0 0.692078 0.312824 0.105490 0.134204
0 0.251854 0.127741 0.053042 0.069011
0 0.322188 0.231447 0.065708 0.097069
0 0.619854 0.396380 0.114812 0.182796
0 0.863964 0.636981 0.191927 0.276815
0 0.330521 0.101074 0.043271 0.064667
