0 0.488854 0.368333 0.079937 0.151963
0 0.523854 0.635991 0.118813 0.276426
0 0.489406 0.911787 0.167708 0.180130
0 0.718969 0.141370 0.057042 0.086789
3 0.625297 0.070790 0.071927 0.137876
0 0.143187 0.197074 0.061042 0.097852
0 0.463854 0.080926 0.054375 0.074937
1 0.033042 0.763000 0.064000 0.275222
2 0.074375 0.368531 0.146667 0.383087
0 0.756630 0.224132 0.096823 0.103772
0 0.586187 0.222951 0.070146 0.117209
0 0.279297 0.167053 0.062594 0.095487
0 0.850854 0.365167 0.130604 0.158296
3 0.357521 0.164484 0.086604 0.193069
2 0.266740 0.072766 0.094375 0.141828
0 0.181635 0.131889 0.058375 0.083630
0 0.895078 0.702750 0.211927 0.319093
