0 0.488854 0.368333 0.079937 0.151963
0 0.523854 0.635991 0.118813 0.276426
0 0.489406 0.911787 0.167708 0.180130
0 0.698187 0.107790 0.049271 0.075728
3 0.608745 0.047679 0.053927 0.091654
0 0.100964 0.267981 0.088594 0.134593
0 0.463854 0.080926 0.054375 0.074937
0 0.710187 0.175546 0.078604 0.087981
0 0.561635 0.133667 0.051708 0.084026
0 0.223854 0.262454 0.088604 0.140907
0 0.786406 0.275889 0.107042 0.118778
3 0.294521 0.328231 0.165479 0.341204
2 0.243745 0.097123 0.109260 0.165012
0 0.152406 0.155197 0.068375 0.086791
0 0.771630 0.436870 0.129927 0.178444
0 0.725078 0.728241 0.202156 0.364519
0 0.950188 0.612287 0.101708 0.266944
0 0.336630 0.081716 0.039927 0.060717
0 0.394302 0.085272 0.035708 0.057556
0 0.307745 0.138012 0.042156 0.069013
0 0.956078 0.930556 0.089927 0.142593
