0 0.488854 0.368333 0.079937 0.151963
0 0.523854 0.635991 0.118813 0.276426
0 0.489406 0.911787 0.167708 0.180130
0 0.463854 0.080926 0.054375 0.074937
2 0.068375 0.355299 0.134667 0.354254
0 0.612630 0.101667 0.045260 0.066641
0 0.532188 0.084284 0.039938 0.066643
0 0.703187 0.165271 0.074812 0.095087
0 0.036375 0.683593 0.070667 0.234148
0 0.641297 0.210704 0.078156 0.099037
0 0.214521 0.174753 0.061042 0.080865
0 0.208078 0.553417 0.137927 0.246389
0 0.580969 0.258306 0.085042 0.125500
0 0.751302 0.394009 0.115042 0.162241
0 0.284630 0.178901 0.060823 0.082050
2 0.298854 0.051234 0.077271 0.098765
2 0.386188 0.052419 0.061271 0.101135
