0 0.488854 0.368333 0.079937 0.151963
0 0.523854 0.635991 0.118813 0.276426
0 0.489406 0.911787 0.167708 0.180130
0 0.606073 0.336731 0.087708 0.148019
0 0.678854 0.229074 0.079937 0.126296
0 0.809964 0.257722 0.099927 0.120370
0 0.544969 0.106605 0.047708 0.086791
0 0.610521 0.089815 0.047708 0.069011
0 0.939964 0.523389 0.122156 0.197407
3 0.927745 0.771546 0.146594 0.460611
0 0.064932 0.741667 0.127781 0.353444
0 0.314411 0.308093 0.082156 0.150000
0 0.069410 0.252778 0.069930 0.102593
0 0.156078 0.171790 0.076594 0.098643
0 0.192745 0.110556 0.045490 0.070989
2 0.263854 0.162901 0.134375 0.223087
0 0.463854 0.080926 0.054375 0.074937
