0 0.488854 0.368333 0.079937 0.151963
0 0.523854 0.635991 0.118813 0.276426
0 0.489406 0.911787 0.167708 0.180130
0 0.548854 0.098704 0.042146 0.067037
0 0.599964 0.060185 0.039927 0.061111
0 0.787740 0.153025 0.064375 0.088765
0 0.802745 0.255741 0.063260 0.108519
3 0.724411 0.246855 0.162156 0.308031
0 0.052153 0.257713 0.102222 0.104574
0 0.169964 0.129321 0.066594 0.080865
0 0.463854 0.080926 0.054375 0.074937
0 0.574406 0.198460 0.057708 0.096672
1 0.304964 0.153025 0.052156 0.088765
0 0.373854 0.150062 0.052146 0.082839
2 0.192745 0.158947 0.163260 0.238883
0 0.920521 0.428574 0.161042 0.161852
0 0.782740 0.949324 0.194375 0.105056
