0 0.488854 0.368333 0.079937 0.151963
0 0.523854 0.635991 0.118813 0.276426
0 0.489406 0.911787 0.167708 0.180130
0 0.463854 0.080926 0.054375 0.074937
0 0.617964 0.065321 0.042594 0.061902
0 0.559635 0.060975 0.037042 0.052420
0 0.039042 0.430750 0.076000 0.178056
0 0.527078 0.091791 0.044823 0.068222
0 0.618411 0.138606 0.052823 0.078889
2 0.211188 0.145321 0.129937 0.201357
2 0.292964 0.279639 0.184156 0.409944
0 0.611521 0.333565 0.082604 0.136167
0 0.068632 0.238954 0.062597 0.086796
2 0.843078 0.420284 0.315927 0.689654
