0 0.488854 0.368333 0.079937 0.151963
0 0.523854 0.635991 0.118813 0.276426
0 0.489406 0.911787 0.167708 0.180130
0 0.561521 0.155595 0.051042 0.085217
0 0.619521 0.106013 0.048813 0.075333
0 0.772521 0.173370 0.062375 0.078889
0 0.868854 0.272926 0.094604 0.109704
3 0.821740 0.397568 0.271042 0.464865
0 0.029931 0.333176 0.057778 0.092722
0 0.097521 0.223349 0.089708 0.094302
0 0.179630 0.130308 0.052594 0.070987
2 0.094599 0.521028 0.187115 0.560870
0 0.463854 0.080926 0.054375 0.074937
0 0.615187 0.372278 0.090375 0.153556
1 0.329411 0.104630 0.040156 0.071778
0 0.389297 0.096531 0.042594 0.071383
2 0.229745 0.123201 0.121260 0.195043
0 0.961297 0.564093 0.079490 0.221111
