0 0.488854 0.368333 0.079937 0.151963
0 0.523854 0.635991 0.118813 0.276426
0 0.489406 0.911787 0.167708 0.180130
0 0.675521 0.057222 0.037708 0.051233
0 0.024931 0.431537 0.047778 0.179630
0 0.463854 0.080926 0.054375 0.074937
0 0.647187 0.103642 0.056604 0.065061
0 0.538854 0.052284 0.035479 0.065061
0 0.064375 0.610306 0.126667 0.300130
0 0.671630 0.173762 0.085490 0.090735
3 0.108818 0.883148 0.215552 0.237407
2 0.190521 0.161910 0.147708 0.221106
0 0.077741 0.216234 0.077705 0.092717
0 0.694969 0.272528 0.087708 0.122352
0 0.599964 0.316972 0.099927 0.151981
0 0.858297 0.383148 0.149927 0.177667
0 0.302187 0.142161 0.048813 0.078889
0 0.363297 0.189565 0.053260 0.094685
0 0.242745 0.260685 0.063260 0.102593
0 0.811078 0.556972 0.193260 0.260611
0 0.291630 0.077963 0.038823 0.049259
0 0.372188 0.091790 0.037708 0.053209
0 0.744411 0.831787 0.233260 0.340130
