0 0.488854 0.368333 0.079937 0.151963
0 0.523854 0.635991 0.118813 0.276426
0 0.489406 0.911787 0.167708 0.180130
0 0.828745 0.129320 0.093927 0.075333
0 0.751745 0.193914 0.071490 0.101802
3 0.661630 0.134651 0.096156 0.211624
0 0.205630 0.122407 0.056156 0.079678
0 0.463854 0.080926 0.054375 0.074937
0 0.565745 0.095148 0.037260 0.058344
1 0.236964 0.284389 0.075260 0.128667
0 0.325078 0.335352 0.087490 0.147630
2 0.116375 0.261864 0.230667 0.357013
0 0.835745 0.316981 0.117260 0.129852
0 0.661854 0.501074 0.132146 0.227815
0 0.321964 0.096531 0.047490 0.065061
0 0.941745 0.571787 0.118594 0.238093
3 0.385297 0.066444 0.061260 0.129185
2 0.296969 0.047877 0.082375 0.092050
