0 0.488854 0.368333 0.079937 0.151963
0 0.523854 0.635991 0.118813 0.276426
0 0.489406 0.911787 0.167708 0.180130
0 0.463854 0.080926 0.054375 0.074937
0 0.618073 0.067494 0.043708 0.049654
0 0.618964 0.121419 0.060156 0.076124
2 0.141741 0.199645 0.188372 0.264969
0 0.034042 0.271935 0.066000 0.121944
0 0.664854 0.210901 0.076812 0.110494
0 0.567745 0.214065 0.072823 0.115241
0 0.800297 0.296231 0.119260 0.149204
0 0.267302 0.202806 0.065708 0.087981
0 0.323302 0.323694 0.081708 0.135389
0 0.157745 0.417315 0.105260 0.165407
0 0.736406 0.404880 0.135042 0.177648
0 0.272188 0.100086 0.047938 0.062691
0 0.353630 0.141173 0.049490 0.074543
0 0.662188 0.567056 0.154146 0.283926
0 0.934521 0.876037 0.133042 0.251630
0 0.351854 0.063345 0.035271 0.050839
