0 0.488854 0.368333 0.079937 0.151963
0 0.523854 0.635991 0.118813 0.276426
0 0.489406 0.911787 0.167708 0.180130
0 0.736964 0.171991 0.060156 0.090352
3 0.646635 0.097454 0.080375 0.191204
0 0.169969 0.179299 0.056375 0.085217
0 0.463854 0.080926 0.054375 0.074937
0 0.569521 0.068284 0.032813 0.053606
1 0.166188 0.418111 0.104813 0.200963
0 0.252854 0.563296 0.142146 0.282741
2 0.106375 0.343244 0.210667 0.448661
0 0.798187 0.275296 0.107938 0.115222
0 0.619854 0.347796 0.096146 0.163037
0 0.307411 0.125173 0.049927 0.086791
0 0.918854 0.476778 0.164375 0.198185
3 0.376297 0.090407 0.062823 0.143678
2 0.286964 0.058345 0.086823 0.112987
0 0.197630 0.123988 0.050823 0.074939
