0 0.488854 0.368333 0.079937 0.151963
0 0.523854 0.635991 0.118813 0.276426
0 0.489406 0.911787 0.167708 0.180130
0 0.541969 0.070259 0.037708 0.057556
0 0.801297 0.135643 0.080823 0.082444
0 0.775302 0.220581 0.064375 0.112469
3 0.687854 0.178898 0.126375 0.258241
0 0.032819 0.294259 0.063555 0.104963
0 0.180854 0.136234 0.071938 0.082839
0 0.463854 0.080926 0.054375 0.074937
0 0.565854 0.136827 0.045042 0.074543
1 0.277964 0.201818 0.055927 0.108920
0 0.353302 0.223349 0.061708 0.110894
2 0.157856 0.200034 0.192601 0.284709
0 0.874521 0.368537 0.129479 0.147630
0 0.731521 0.760824 0.198604 0.378352
0 0.332521 0.077568 0.042375 0.059531
0 0.969521 0.619796 0.063042 0.138148
