0 0.488854 0.368333 0.079937 0.151963
0 0.523854 0.635991 0.118813 0.276426
0 0.489406 0.911787 0.167708 0.180130
0 0.463854 0.080926 0.054375 0.074937
0 0.631740 0.079345 0.051042 0.065457
0 0.570078 0.085469 0.044156 0.058741
0 0.063375 0.361620 0.124667 0.154352
0 0.532411 0.113914 0.051490 0.078494
0 0.638969 0.172380 0.062375 0.084019
0 0.038708 0.718750 0.075333 0.251537
2 0.234521 0.124577 0.113937 0.174883
2 0.329630 0.192528 0.126823 0.294981
0 0.639854 0.427389 0.105479 0.168963
0 0.071076 0.237963 0.063042 0.085593
2 0.864078 0.565123 0.273927 0.873457
