0 0.488854 0.368333 0.079937 0.151963
0 0.523854 0.635991 0.118813 0.276426
0 0.489406 0.911787 0.167708 0.180130
0 0.463854 0.080926 0.054375 0.074937
0 0.630745 0.083692 0.048156 0.055976
0 0.643964 0.143544 0.071490 0.076124
2 0.169522 0.175738 0.162601 0.233746
0 0.048708 0.241123 0.095333 0.114050
0 0.677302 0.239544 0.079042 0.112469
0 0.584188 0.258509 0.084812 0.128278
0 0.826406 0.335935 0.132375 0.157500
0 0.286745 0.167244 0.056594 0.082439
0 0.346630 0.243685 0.066594 0.114444
0 0.207635 0.328231 0.081042 0.132611
0 0.769406 0.471241 0.154375 0.211630
0 0.281745 0.088431 0.044823 0.057556
0 0.362854 0.111346 0.044813 0.067037
0 0.697297 0.698602 0.183927 0.354241
