0 0.488854 0.368333 0.079937 0.151963
0 0.523854 0.635991 0.118813 0.276426
0 0.489406 0.911787 0.167708 0.180130
0 0.723969 0.148479 0.059042 0.084413
3 0.630297 0.074938 0.073927 0.146172
0 0.148854 0.184037 0.056375 0.090741
0 0.463854 0.080926 0.054375 0.074937
1 0.059042 0.663444 0.116000 0.310778
0 0.125967 0.896380 0.199045 0.210944
2 0.084375 0.354308 0.166667 0.394939
0 0.766964 0.235392 0.098823 0.109698
0 0.592187 0.247247 0.076812 0.125506
0 0.287964 0.156386 0.059927 0.093117
0 0.867188 0.389463 0.136604 0.166593
3 0.361521 0.139003 0.081271 0.177661
2 0.272740 0.069210 0.091708 0.134717
0 0.188302 0.130704 0.051708 0.078889
0 0.906078 0.786306 0.189927 0.370056
