0 0.488854 0.368333 0.079937 0.151963
0 0.523854 0.635991 0.118813 0.276426
0 0.489406 0.911787 0.167708 0.180130
0 0.463854 0.080926 0.054375 0.074937
0 0.620297 0.068877 0.047260 0.064272
0 0.561969 0.066308 0.035042 0.055976
0 0.043042 0.416528 0.084000 0.173315
0 0.528411 0.094754 0.046156 0.071778
0 0.622078 0.145717 0.054823 0.078889
2 0.214854 0.139988 0.126604 0.195431
2 0.301964 0.262454 0.170156 0.389796
0 0.617854 0.350750 0.087271 0.142093
0 0.067965 0.238954 0.063930 0.086796
2 0.845745 0.457618 0.310594 0.750098
