0 0.488854 0.368333 0.079937 0.151963
0 0.523854 0.635991 0.118813 0.276426
0 0.489406 0.911787 0.167708 0.180130
0 0.700521 0.109568 0.049937 0.076913
3 0.609411 0.048271 0.056594 0.092839
0 0.106630 0.259685 0.086594 0.132222
0 0.463854 0.080926 0.054375 0.074937
0 0.715521 0.179694 0.079937 0.086796
0 0.563302 0.140185 0.051042 0.082841
0 0.232188 0.251787 0.086604 0.136167
0 0.792740 0.282407 0.107708 0.122333
3 0.302187 0.305120 0.155479 0.313944
2 0.246078 0.094753 0.109927 0.157901
0 0.156073 0.154012 0.067708 0.086791
0 0.779964 0.452278 0.133260 0.185556
0 0.741078 0.779204 0.215490 0.404815
0 0.955521 0.615250 0.091042 0.234944
0 0.338297 0.079938 0.036594 0.057161
0 0.394969 0.082902 0.034375 0.055185
0 0.311078 0.130308 0.042156 0.063087
0 0.967745 0.954259 0.066594 0.095185
