0 0.488854 0.368333 0.079937 0.151963
0 0.523854 0.635991 0.118813 0.276426
0 0.489406 0.911787 0.167708 0.180130
0 0.562188 0.160929 0.051042 0.088772
0 0.622188 0.109569 0.048813 0.072963
0 0.770521 0.175741 0.061042 0.078889
0 0.521078 0.055246 0.039927 0.055185
0 0.875521 0.288333 0.093271 0.114444
3 0.836073 0.423642 0.287708 0.483828
0 0.094408 0.963148 0.131039 0.077407
0 0.029931 0.318954 0.057778 0.080870
0 0.100521 0.222164 0.087708 0.096672
0 0.183297 0.133271 0.053260 0.076913
2 0.096599 0.511546 0.191115 0.572722
0 0.463854 0.080926 0.054375 0.074937
0 0.622188 0.398944 0.097708 0.161852
1 0.331078 0.101667 0.042156 0.072963
0 0.389964 0.091790 0.039927 0.069013
2 0.231078 0.121423 0.119927 0.191487
0 0.968297 0.583648 0.065490 0.227037
