0 0.488854 0.368333 0.079937 0.151963
0 0.523854 0.635991 0.118813 0.276426
0 0.489406 0.911787 0.167708 0.180130
0 0.538302 0.055247 0.034375 0.047283
0 0.819411 0.130309 0.089927 0.078889
0 0.762188 0.203398 0.066604 0.098648
3 0.669411 0.145120 0.105490 0.230981
0 0.206078 0.118456 0.058823 0.074939
0 0.463854 0.080926 0.054375 0.074937
0 0.564964 0.107593 0.036594 0.065063
1 0.253297 0.253769 0.066594 0.128278
0 0.333854 0.290315 0.081042 0.138148
2 0.128854 0.239935 0.217708 0.325796
0 0.848302 0.330796 0.121042 0.132222
0 0.679969 0.571787 0.151042 0.266537
0 0.323854 0.090802 0.047708 0.067037
0 0.949964 0.606352 0.102156 0.244815
3 0.388297 0.063086 0.056594 0.122469
2 0.301078 0.044321 0.079927 0.084939
