0 0.488854 0.368333 0.079937 0.151963
0 0.523854 0.635991 0.118813 0.276426
0 0.489406 0.911787 0.167708 0.180130
0 0.463854 0.080926 0.054375 0.074937
0 0.589964 0.089420 0.047927 0.058741
2 0.109375 0.260873 0.216667 0.338439
0 0.645630 0.172972 0.064156 0.085204
0 0.551635 0.164481 0.061042 0.094296
0 0.764411 0.244679 0.099927 0.130643
0 0.223187 0.284583 0.085938 0.114833
0 0.249854 0.550657 0.134375 0.233759
0 0.051708 0.644481 0.101333 0.245222
0 0.702411 0.332380 0.111490 0.144870
0 0.257521 0.120630 0.051042 0.069011
0 0.332187 0.204188 0.057708 0.087587
0 0.628187 0.429565 0.122146 0.197019
0 0.893521 0.712241 0.215042 0.325407
0 0.336521 0.091593 0.043271 0.059926
