0 0.488854 0.368333 0.079937 0.151963
0 0.523854 0.635991 0.118813 0.276426
0 0.489406 0.911787 0.167708 0.180130
0 0.674411 0.050111 0.032823 0.051233
0 0.463854 0.080926 0.054375 0.074937
0 0.638969 0.093173 0.050375 0.059135
0 0.043264 0.686944 0.084445 0.306444
0 0.659073 0.157370 0.077708 0.084815
2 0.182854 0.167444 0.152812 0.228222
0 0.065745 0.225719 0.091490 0.118006
0 0.685745 0.256130 0.087927 0.120370
0 0.591521 0.286157 0.091479 0.137759
0 0.840854 0.357278 0.140813 0.170148
0 0.294297 0.154608 0.053927 0.077709
0 0.354854 0.212481 0.058146 0.097852
0 0.227411 0.290306 0.069927 0.113648
0 0.786302 0.509963 0.173042 0.235333
0 0.285964 0.082902 0.042594 0.057556
0 0.367078 0.097914 0.042594 0.055976
0 0.722188 0.789713 0.215042 0.424278
