0 0.488854 0.368333 0.079937 0.151963
0 0.523854 0.635991 0.118813 0.276426
0 0.489406 0.911787 0.167708 0.180130
0 0.729630 0.160331 0.060594 0.091524
3 0.637630 0.086395 0.077927 0.169087
0 0.159854 0.179294 0.052604 0.077302
0 0.463854 0.080926 0.054375 0.074937
0 0.572297 0.052481 0.032156 0.048863
1 0.107965 0.517667 0.138153 0.237296
0 0.187741 0.767343 0.199039 0.407981
2 0.097708 0.349173 0.193333 0.433654
0 0.781411 0.252583 0.102823 0.114056
0 0.605297 0.289713 0.084823 0.135389
0 0.296964 0.138803 0.054823 0.086394
0 0.894411 0.430759 0.152823 0.174889
3 0.368854 0.115299 0.075479 0.172920
2 0.278521 0.061111 0.087708 0.118519
0 0.192188 0.124778 0.053708 0.074937
0 0.925854 0.859843 0.150375 0.284019
