0 0.488854 0.368333 0.079937 0.151963
0 0.523854 0.635991 0.118813 0.276426
0 0.489406 0.911787 0.167708 0.180130
0 0.841188 0.124581 0.098375 0.078494
0 0.746411 0.188778 0.067927 0.102593
3 0.656073 0.123194 0.093042 0.201352
0 0.193854 0.141765 0.058375 0.078889
0 0.463854 0.080926 0.054375 0.074937
0 0.567964 0.086852 0.035490 0.054396
1 0.217411 0.321907 0.085927 0.150000
0 0.302854 0.395000 0.101708 0.184778
2 0.116375 0.285169 0.230667 0.379920
0 0.823297 0.303537 0.112823 0.120370
0 0.644078 0.443398 0.118823 0.199389
0 0.316854 0.104037 0.048813 0.070593
0 0.934411 0.541370 0.133260 0.221519
3 0.383078 0.071975 0.066594 0.140246
2 0.293854 0.052618 0.081479 0.101531
