0 0.488854 0.368333 0.079937 0.151963
0 0.523854 0.635991 0.118813 0.276426
0 0.489406 0.911787 0.167708 0.180130
0 0.554411 0.128333 0.046594 0.074937
0 0.611078 0.084877 0.048823 0.074939
0 0.775521 0.155991 0.055479 0.074944
0 0.839964 0.239935 0.093260 0.112463
3 0.769411 0.316979 0.209927 0.381117
0 0.027708 0.366361 0.053333 0.104574
0 0.078853 0.237963 0.095482 0.092704
0 0.196635 0.114506 0.071042 0.082839
2 0.061042 0.586602 0.120000 0.450241
0 0.463854 0.080926 0.054375 0.074937
0 0.593854 0.279444 0.076604 0.116407
1 0.320521 0.125370 0.041042 0.080863
0 0.382740 0.116481 0.041042 0.067037
2 0.214406 0.141169 0.137708 0.215180
0 0.936630 0.500676 0.128823 0.199389
