0 0.488854 0.368333 0.079937 0.151963
0 0.523854 0.635991 0.118813 0.276426
0 0.489406 0.911787 0.167708 0.180130
0 0.566964 0.177716 0.054823 0.086791
0 0.627521 0.121222 0.049708 0.075730
0 0.773969 0.187590 0.069708 0.091524
0 0.522854 0.061173 0.041708 0.060717
0 0.873521 0.297815 0.094604 0.119963
3 0.853297 0.478556 0.295490 0.529667
0 0.109599 0.862009 0.217115 0.279685
0 0.031264 0.307296 0.060445 0.076519
0 0.107186 0.217620 0.082816 0.096278
0 0.180297 0.129123 0.050823 0.070987
2 0.119932 0.464132 0.237781 0.574291
0 0.463854 0.080926 0.054375 0.074937
0 0.639406 0.457028 0.110375 0.179241
1 0.335188 0.092185 0.039271 0.071381
0 0.392740 0.081914 0.039708 0.067431
2 0.234411 0.114114 0.130594 0.182402
