0 0.179969 0.186608 0.064375 0.072969
0 0.289964 0.243889 0.079927 0.084815
3 0.739411 0.440435 0.252156 0.319870
0 0.457187 0.377222 0.103271 0.134185
2 0.484964 0.214259 0.223260 0.191481
0 0.786635 0.299204 0.091042 0.096667
0 0.837745 0.278463 0.095490 0.102593
1 0.555521 0.493769 0.131042 0.189500
0 0.751078 0.212284 0.066594 0.076913
0 0.699964 0.228093 0.068823 0.072963
0 0.907745 0.767343 0.186594 0.211241
1 0.787745 0.371296 0.082156 0.098630
0 0.732187 0.906852 0.179938 0.190000
0 0.689411 0.167843 0.058823 0.063093
