0 0.252188 0.223148 0.062146 0.071000
0 0.167745 0.195491 0.059927 0.070981
2 0.347745 0.151049 0.228823 0.151976
0 0.345521 0.229074 0.071042 0.071000
1 0.287745 0.247843 0.062156 0.088759
0 0.348854 0.311046 0.082146 0.092722
0 0.513302 0.352528 0.097708 0.100611
0 0.887188 0.311046 0.101042 0.104574
0 0.803854 0.334750 0.096604 0.100611
2 0.639411 0.265614 0.209927 0.227031
0 0.419964 0.387102 0.093260 0.110500
0 0.650521 0.483889 0.123271 0.134185
0 0.803854 0.258704 0.072146 0.082852
0 0.688302 0.222167 0.061042 0.072963
0 0.747745 0.218210 0.062156 0.076913
0 0.559964 0.535241 0.119927 0.138148
0 0.810521 0.643889 0.156604 0.165815
0 0.720521 0.860185 0.165479 0.227037
0 0.972188 0.940435 0.057708 0.122833
