0 0.169078 0.254352 0.070156 0.059926
0 0.157630 0.227093 0.077927 0.055185
0 0.264740 0.291491 0.066375 0.070981
0 0.287854 0.258111 0.073479 0.062704
0 0.375969 0.293667 0.072375 0.073741
0 0.342521 0.350352 0.081042 0.088370
2 0.894745 0.419889 0.212594 0.311963
0 0.368630 0.240528 0.068823 0.054389
0 0.504630 0.379981 0.085260 0.097852
0 0.437521 0.433722 0.094146 0.100222
1 0.752740 0.311833 0.083708 0.118000
2 0.652078 0.209716 0.106823 0.155531
0 0.911745 0.830361 0.178594 0.219537
0 0.713635 0.226509 0.047708 0.066648
