0 0.181630 0.194509 0.072156 0.069019
3 0.634969 0.355491 0.207708 0.260611
0 0.364964 0.288333 0.085490 0.110481
2 0.349964 0.170806 0.186594 0.151981
0 0.948297 0.358463 0.105490 0.132222
1 0.440521 0.359444 0.107708 0.138148
0 0.841630 0.278454 0.096594 0.094685
0 0.823854 0.338704 0.101042 0.104556
0 0.721630 0.578704 0.156594 0.153963
1 0.531078 0.255741 0.082156 0.088778
0 0.539964 0.586602 0.122156 0.165796
0 0.753854 0.221169 0.074375 0.078883
0 0.661635 0.235000 0.067708 0.078889
0 0.578854 0.209321 0.064375 0.070987
2 0.903297 0.453278 0.195490 0.321852
0 0.642188 0.183642 0.062146 0.063087
0 0.954964 0.893028 0.092156 0.217648
1 0.809411 0.924630 0.189927 0.154444
0 0.689411 0.179692 0.056594 0.070987
