3 0.462521 0.238556 0.163708 0.190296
0 0.210187 0.199049 0.072375 0.079680
1 0.275854 0.238954 0.083271 0.097056
0 0.982521 0.376630 0.037042 0.076111
0 0.481854 0.370315 0.100146 0.096667
1 0.299630 0.181669 0.069490 0.078106
0 0.343745 0.333176 0.079927 0.099833
0 0.903297 0.325269 0.099927 0.105352
0 0.981411 0.450704 0.039260 0.146852
0 0.860187 0.398361 0.087479 0.102204
2 0.774521 0.361417 0.375708 0.347537
0 0.773188 0.320731 0.080604 0.089167
0 0.705521 0.531685 0.143042 0.147630
1 0.506406 0.486065 0.101708 0.164611
0 0.804740 0.264231 0.081042 0.086796
0 0.741073 0.209719 0.068375 0.069413
0 0.671745 0.208531 0.061260 0.070198
0 0.719521 0.814361 0.169708 0.232574
