3 0.323521 0.170803 0.139479 0.150394
1 0.162964 0.178114 0.077927 0.080476
0 0.353521 0.264833 0.078604 0.072963
0 0.249854 0.243685 0.066375 0.078889
2 0.533745 0.216435 0.235927 0.217167
0 0.893406 0.371102 0.103708 0.102204
0 0.501635 0.335148 0.097042 0.096667
1 0.366187 0.315204 0.077271 0.114444
0 0.929745 0.337120 0.087927 0.091130
0 0.842521 0.279046 0.095708 0.093500
0 0.743745 0.266602 0.078156 0.085204
0 0.467521 0.427389 0.107042 0.116815
0 0.748521 0.572185 0.153479 0.154333
0 0.750745 0.215250 0.069927 0.077315
0 0.659188 0.205762 0.052604 0.071772
2 0.904188 0.475204 0.193708 0.334889
0 0.673411 0.748583 0.153490 0.206093
0 0.948630 0.898556 0.104823 0.206593
0 0.701740 0.175544 0.051042 0.069802
