0 0.188078 0.231444 0.067260 0.067037
0 0.191745 0.200827 0.075490 0.059531
0 0.282297 0.278259 0.068594 0.075333
0 0.316406 0.242500 0.072375 0.067037
0 0.406630 0.289722 0.076823 0.077704
0 0.354521 0.343444 0.084146 0.095889
2 0.874411 0.401907 0.253260 0.352667
0 0.402630 0.225907 0.069260 0.057556
0 0.532406 0.385917 0.091042 0.096278
0 0.478630 0.454259 0.110156 0.115222
1 0.719521 0.268972 0.070604 0.110500
2 0.630297 0.173966 0.095260 0.148031
0 0.965521 0.918306 0.071042 0.167093
0 0.681302 0.186012 0.041708 0.060717
