0 0.159740 0.251194 0.071042 0.063093
0 0.143406 0.227500 0.077042 0.052815
0 0.258964 0.286750 0.065490 0.070981
0 0.277411 0.253769 0.071260 0.061907
0 0.364630 0.288926 0.069260 0.069000
0 0.334745 0.346407 0.080594 0.086778
2 0.901188 0.427787 0.199708 0.310389
0 0.354854 0.236574 0.068812 0.052815
0 0.495745 0.371694 0.082594 0.093907
0 0.426187 0.423046 0.091938 0.099426
1 0.764302 0.320926 0.086375 0.117222
2 0.660073 0.216827 0.113042 0.155531
0 0.878411 0.782556 0.192823 0.196630
0 0.725188 0.233620 0.048604 0.066648
