0 0.182521 0.207546 0.068604 0.061907
0 0.139521 0.183840 0.076375 0.055580
2 0.208745 0.130704 0.192156 0.101804
0 0.245740 0.249426 0.065708 0.075333
0 0.314854 0.229074 0.071042 0.068630
0 0.319078 0.298602 0.074156 0.084426
0 0.416740 0.282019 0.081042 0.078889
0 0.426411 0.393620 0.094594 0.104574
0 0.532521 0.374056 0.098375 0.100222
0 0.962745 0.373074 0.076594 0.093519
1 0.420078 0.202210 0.084156 0.082839
0 0.961521 0.468685 0.079042 0.120370
0 0.649969 0.495343 0.108375 0.127093
0 0.526411 0.549278 0.116823 0.148815
0 0.865521 0.305917 0.083479 0.107722
0 0.794302 0.252185 0.053042 0.080074
2 0.688406 0.222355 0.165708 0.209254
0 0.683521 0.390259 0.107479 0.092333
0 0.840630 0.785917 0.170594 0.207278
