0 0.211078 0.204382 0.068823 0.080865
0 0.329969 0.266602 0.084375 0.086796
0 0.192740 0.164880 0.081042 0.057167
3 0.777188 0.475000 0.267708 0.333704
0 0.489411 0.417713 0.112156 0.148019
2 0.538854 0.239935 0.237708 0.207278
0 0.944411 0.374259 0.113260 0.148037
0 0.711078 0.262657 0.095490 0.082833
0 0.801073 0.254750 0.091042 0.094685
1 0.597187 0.557963 0.143271 0.219148
0 0.727187 0.195494 0.065479 0.074939
0 0.675521 0.211294 0.062146 0.074931
0 0.941630 0.833519 0.118823 0.217148
1 0.852745 0.404880 0.116594 0.134204
