0 0.207187 0.256926 0.068146 0.060333
0 0.197969 0.228287 0.075042 0.052019
0 0.295297 0.252981 0.069260 0.058741
0 0.289969 0.302954 0.069708 0.073352
2 0.949411 0.459194 0.103260 0.259426
0 0.275521 0.215639 0.074146 0.048870
0 0.432411 0.317963 0.075490 0.080481
0 0.368964 0.366954 0.081490 0.087574
1 0.832073 0.371685 0.110375 0.140519
2 0.704521 0.250213 0.142812 0.182796
0 0.629411 0.547296 0.129490 0.135370
0 0.804302 0.283389 0.065042 0.077704
0 0.712521 0.771102 0.200146 0.217167
0 0.626297 0.199447 0.040156 0.061513
