3 0.175410 0.133275 0.144597 0.122746
0 0.269078 0.227685 0.065260 0.068222
0 0.184188 0.204979 0.061271 0.071783
2 0.379630 0.158951 0.222823 0.157506
0 0.370521 0.241324 0.075708 0.077315
1 0.297187 0.254556 0.062812 0.094296
0 0.969964 0.372083 0.062156 0.092315
0 0.967411 0.447352 0.067260 0.113259
0 0.360854 0.322907 0.083479 0.091926
0 0.540078 0.374454 0.102823 0.104167
0 0.857969 0.293074 0.092375 0.098630
0 0.760969 0.302157 0.076042 0.085315
2 0.685187 0.293071 0.233938 0.243228
0 0.444078 0.410009 0.097927 0.115241
0 0.696969 0.529324 0.133042 0.143685
0 0.781078 0.242509 0.066156 0.080463
0 0.671521 0.203590 0.055479 0.066635
0 0.729187 0.202213 0.060604 0.070204
0 0.615521 0.616241 0.132375 0.159481
0 0.877078 0.720528 0.174594 0.191093
