3 0.387740 0.200432 0.144375 0.159876
0 0.147187 0.170799 0.076604 0.072957
1 0.214406 0.199442 0.077708 0.086783
0 0.403854 0.306111 0.085479 0.090741
1 0.217188 0.153021 0.067708 0.072957
0 0.294411 0.280435 0.073260 0.094685
0 0.958854 0.368333 0.084375 0.112481
0 0.980521 0.466111 0.041042 0.098630
2 0.639411 0.280435 0.289927 0.276426
0 0.791073 0.315991 0.091042 0.110500
0 0.583302 0.409815 0.117708 0.120370
1 0.422745 0.375250 0.085490 0.134204
0 0.871635 0.304139 0.094375 0.098648
0 0.791635 0.247843 0.081042 0.092722
0 0.713297 0.239935 0.068823 0.088759
0 0.567187 0.555000 0.127708 0.150000
0 0.909964 0.775250 0.182156 0.234944
0 0.717187 0.188583 0.058813 0.069019
0 0.640521 0.180679 0.049937 0.069013
