3 0.398964 0.206556 0.149927 0.164222
0 0.156740 0.177917 0.075708 0.076130
1 0.222078 0.207148 0.078823 0.096667
0 0.412302 0.312824 0.087708 0.089944
1 0.228740 0.154602 0.069042 0.069796
0 0.301187 0.286750 0.071271 0.089167
0 0.950964 0.357269 0.100156 0.097463
0 0.962187 0.459000 0.077708 0.119185
2 0.660521 0.289516 0.301938 0.288265
0 0.788630 0.322315 0.068823 0.088370
0 0.600073 0.426009 0.119708 0.118796
1 0.433630 0.391444 0.085490 0.138148
0 0.859964 0.298602 0.091927 0.096278
0 0.782635 0.236972 0.080375 0.082833
0 0.705854 0.232426 0.068604 0.080074
0 0.586521 0.584630 0.131708 0.159481
0 0.923187 0.811981 0.155708 0.236519
0 0.711411 0.187787 0.057490 0.072167
0 0.634521 0.178114 0.046812 0.066254
