0 0.213411 0.206558 0.068156 0.063883
0 0.133522 0.186407 0.065268 0.069407
2 0.282078 0.137225 0.233490 0.129069
0 0.292521 0.203991 0.071271 0.066648
1 0.266406 0.230259 0.061708 0.083630
0 0.327078 0.293463 0.078156 0.086000
0 0.471745 0.317574 0.089260 0.090741
0 0.958745 0.366759 0.084594 0.115630
0 0.920521 0.417907 0.125479 0.119185
2 0.571078 0.226706 0.186156 0.189513
0 0.390630 0.358852 0.087927 0.103778
0 0.585521 0.415546 0.108375 0.111278
0 0.847188 0.290500 0.083271 0.094296
0 0.756073 0.289713 0.089042 0.110093
0 0.783406 0.247250 0.073042 0.086796
0 0.490854 0.452481 0.107479 0.120370
0 0.717745 0.534065 0.135490 0.142093
0 0.625187 0.643889 0.129479 0.163444
0 0.901078 0.792630 0.199927 0.215963
0 0.718854 0.186803 0.054146 0.068617
1 0.934187 0.541176 0.133708 0.191870
