3 0.218078 0.138997 0.137927 0.124709
0 0.283854 0.227491 0.064604 0.063870
0 0.198630 0.208528 0.063490 0.073352
2 0.412854 0.164287 0.223937 0.169759
0 0.404521 0.259296 0.082812 0.078481
1 0.310073 0.258509 0.066375 0.093500
0 0.948411 0.349759 0.105260 0.115630
0 0.919635 0.390065 0.103708 0.118796
0 0.381297 0.335944 0.088823 0.096667
0 0.574745 0.400139 0.111260 0.108130
0 0.827188 0.264426 0.084146 0.087185
0 0.721302 0.260676 0.064375 0.074944
2 0.751521 0.333370 0.273271 0.279593
0 0.481187 0.448731 0.105479 0.120759
0 0.753964 0.592333 0.146156 0.155148
0 0.756302 0.215053 0.061042 0.068228
0 0.645521 0.183840 0.056375 0.069802
0 0.712521 0.182259 0.055271 0.063481
0 0.694740 0.745815 0.155708 0.195815
0 0.937521 0.853667 0.127042 0.234556
