0 0.150745 0.198456 0.072594 0.059531
2 0.143301 0.128333 0.199045 0.097063
0 0.217406 0.232435 0.065042 0.072167
0 0.271964 0.210701 0.066594 0.064265
0 0.289854 0.275491 0.072146 0.076130
0 0.373521 0.258306 0.075479 0.073352
0 0.389297 0.359250 0.086156 0.095870
0 0.479078 0.333370 0.091490 0.089963
1 0.361630 0.180484 0.081927 0.073365
0 0.590078 0.425620 0.102823 0.111685
0 0.484187 0.487046 0.107938 0.132611
0 0.918630 0.344833 0.094156 0.121556
0 0.833078 0.282213 0.060823 0.088759
2 0.722740 0.252380 0.194375 0.239278
0 0.608187 0.335546 0.094604 0.083241
0 0.769078 0.679046 0.146156 0.176870
