3 0.486297 0.250210 0.167260 0.195431
0 0.231078 0.208531 0.079927 0.079680
2 0.185078 0.132679 0.178156 0.122346
1 0.299302 0.253565 0.085708 0.106537
0 0.971854 0.359241 0.058375 0.084815
0 0.512745 0.398352 0.107260 0.106148
1 0.324854 0.188581 0.072813 0.084024
0 0.358964 0.346796 0.081490 0.100222
0 0.875406 0.301963 0.089042 0.092704
0 0.910521 0.391843 0.097042 0.106537
0 0.800406 0.357463 0.088375 0.090741
2 0.806964 0.388083 0.388156 0.380315
0 0.726078 0.272139 0.078823 0.096278
0 0.746411 0.573370 0.154594 0.158296
1 0.535411 0.534259 0.110823 0.180407
0 0.786964 0.248833 0.077927 0.076519
0 0.725745 0.196877 0.063927 0.067431
0 0.661521 0.199442 0.059937 0.070191
0 0.775187 0.893222 0.193042 0.217259
