0 0.153964 0.195692 0.073260 0.062691
0 0.208078 0.185219 0.067260 0.058339
1 0.224078 0.214454 0.061490 0.082833
0 0.286187 0.265417 0.074146 0.077315
0 0.387854 0.264231 0.081937 0.077315
2 0.469187 0.185618 0.176604 0.156320
0 0.354521 0.333769 0.081937 0.099426
0 0.505411 0.353315 0.096156 0.096667
0 0.951521 0.363593 0.099042 0.111667
0 0.928964 0.415741 0.144156 0.154333
0 0.846187 0.298213 0.091042 0.096278
0 0.443521 0.411981 0.099479 0.107333
0 0.623188 0.445759 0.116604 0.120370
0 0.550406 0.535444 0.116375 0.135370
0 0.750411 0.602204 0.146156 0.153556
0 0.760745 0.228287 0.067260 0.075722
1 0.701854 0.365370 0.125938 0.135000
0 0.700297 0.256528 0.068594 0.083241
0 0.855078 0.835889 0.183490 0.228222
0 0.664745 0.848139 0.180594 0.247981
0 0.710745 0.187003 0.050823 0.072180
