0 0.135297 0.192725 0.073260 0.057550
0 0.205964 0.226898 0.065260 0.073759
0 0.256188 0.205565 0.065708 0.065056
0 0.279073 0.269574 0.071042 0.077704
0 0.356969 0.248435 0.073042 0.072574
0 0.376964 0.347593 0.084156 0.093889
0 0.459745 0.316972 0.090156 0.084019
1 0.337411 0.176139 0.081927 0.077315
0 0.567854 0.405861 0.096604 0.107722
0 0.466297 0.460185 0.105927 0.122333
0 0.945187 0.360426 0.111708 0.127481
0 0.849964 0.294065 0.061260 0.090352
2 0.736964 0.266206 0.205927 0.254291
0 0.584297 0.318750 0.088156 0.074944
0 0.739964 0.635787 0.139490 0.163833
0 0.956521 0.927398 0.089042 0.148907
1 0.623521 0.181269 0.046604 0.082833
