3 0.182411 0.131694 0.143490 0.121167
0 0.271635 0.228287 0.066375 0.068611
0 0.186297 0.205960 0.061927 0.071376
2 0.384188 0.159938 0.221271 0.157902
0 0.375521 0.243491 0.075042 0.078500
1 0.298854 0.255935 0.063479 0.097056
0 0.966521 0.365963 0.069042 0.091926
0 0.960630 0.441417 0.080823 0.118796
0 0.363188 0.325667 0.084604 0.093519
0 0.545297 0.378009 0.103490 0.105759
0 0.854073 0.290509 0.090375 0.098241
0 0.755302 0.296231 0.074375 0.083833
2 0.693521 0.298803 0.238146 0.247580
0 0.448854 0.414361 0.099042 0.115241
0 0.704521 0.538019 0.134812 0.145259
0 0.777740 0.239148 0.064375 0.077704
0 0.667630 0.200429 0.054823 0.068217
0 0.726073 0.198454 0.059708 0.069796
0 0.625854 0.631639 0.134375 0.162648
0 0.888745 0.735944 0.177927 0.199778
