0 0.109967 0.242509 0.075045 0.052019
0 0.227187 0.269759 0.067271 0.062296
0 0.225521 0.236380 0.075479 0.054796
0 0.317964 0.267593 0.068823 0.062704
0 0.305854 0.317769 0.072146 0.076907
2 0.931630 0.443991 0.138823 0.262204
0 0.301078 0.223944 0.071490 0.052815
0 0.453521 0.335741 0.078146 0.082037
0 0.386854 0.385713 0.083042 0.090352
1 0.809078 0.354315 0.103490 0.133407
2 0.687854 0.238355 0.131708 0.167772
0 0.698969 0.615250 0.149042 0.143278
0 0.774302 0.265426 0.058375 0.076519
0 0.801302 0.879991 0.236375 0.243722
0 0.619854 0.190753 0.041937 0.060717
