3 0.293854 0.160531 0.138375 0.144865
0 0.332521 0.253167 0.075708 0.074148
0 0.231297 0.230259 0.067490 0.077296
2 0.490187 0.194503 0.223937 0.198587
0 0.957187 0.441815 0.087708 0.114852
0 0.471740 0.313815 0.093708 0.095889
1 0.344411 0.296833 0.071927 0.110889
0 0.968630 0.368528 0.064823 0.096278
0 0.871411 0.295056 0.098823 0.088370
0 0.776078 0.291694 0.076594 0.079278
0 0.434740 0.392630 0.099708 0.114444
0 0.681745 0.503843 0.136823 0.137759
0 0.770964 0.230852 0.074823 0.080852
0 0.670854 0.218405 0.059042 0.074931
2 0.869630 0.455639 0.262823 0.382685
0 0.600964 0.621370 0.129490 0.169741
0 0.909411 0.803102 0.183260 0.227426
0 0.716964 0.190157 0.054823 0.069796
