0 0.116521 0.242111 0.073042 0.052815
0 0.231078 0.271352 0.067490 0.064667
0 0.231964 0.238954 0.074156 0.055981
0 0.323297 0.268981 0.069260 0.062296
0 0.309188 0.321713 0.073479 0.079278
2 0.927411 0.442213 0.147260 0.268130
0 0.307302 0.224926 0.071042 0.051630
0 0.458740 0.340287 0.078375 0.083241
0 0.390740 0.389870 0.083708 0.093111
1 0.802521 0.349370 0.101938 0.132222
2 0.683964 0.235593 0.126594 0.167778
0 0.718635 0.633028 0.155042 0.147241
0 0.767854 0.262065 0.056604 0.078500
0 0.825745 0.890852 0.245260 0.222000
0 0.617964 0.187593 0.042156 0.059926
