3 0.367297 0.182065 0.144823 0.160278
1 0.198073 0.193324 0.078375 0.087981
0 0.386854 0.289324 0.083042 0.083241
0 0.279964 0.265222 0.068823 0.084815
0 0.969297 0.368537 0.063490 0.083630
2 0.600411 0.249028 0.267927 0.251537
0 0.813630 0.334954 0.104594 0.108907
0 0.552302 0.379389 0.110375 0.108519
1 0.402078 0.349963 0.080594 0.125519
0 0.891635 0.316778 0.098375 0.101000
0 0.808302 0.254954 0.087708 0.087981
0 0.720302 0.240537 0.065042 0.081259
0 0.529635 0.502852 0.119708 0.139741
0 0.856854 0.694852 0.182604 0.193444
0 0.726745 0.196284 0.064156 0.070987
0 0.649745 0.188386 0.056823 0.069413
2 0.959854 0.509370 0.082375 0.271296
0 0.792297 0.932528 0.180594 0.138648
