0 0.214411 0.207343 0.073260 0.070981
3 0.666078 0.379194 0.229927 0.284315
0 0.395521 0.314009 0.091042 0.118389
2 0.391078 0.181669 0.199927 0.165809
0 0.934964 0.402898 0.132156 0.122352
0 0.901630 0.329815 0.118823 0.126296
1 0.476630 0.397963 0.113260 0.155926
0 0.808854 0.254759 0.079937 0.090741
0 0.777740 0.295241 0.084375 0.096667
0 0.778854 0.635000 0.173271 0.171741
1 0.606078 0.273519 0.089927 0.080852
0 0.594964 0.674509 0.136594 0.187537
0 0.729411 0.203392 0.069927 0.078883
0 0.622745 0.218210 0.063260 0.088765
0 0.553854 0.194506 0.074375 0.076913
2 0.937745 0.470065 0.126594 0.288278
0 0.628854 0.168831 0.055479 0.061117
