0 0.225630 0.213864 0.069490 0.080865
0 0.347073 0.277463 0.087042 0.091926
0 0.216073 0.174361 0.081042 0.059537
3 0.793188 0.493565 0.268146 0.347130
0 0.502411 0.430157 0.114156 0.146833
2 0.560740 0.250806 0.249042 0.219537
0 0.928078 0.351741 0.145927 0.136185
0 0.700188 0.259102 0.083479 0.089167
0 0.788854 0.245472 0.088375 0.095093
1 0.614411 0.582657 0.150594 0.227426
0 0.718969 0.187984 0.065042 0.069402
0 0.667073 0.202806 0.067042 0.069019
0 0.954411 0.841417 0.093260 0.181611
1 0.908630 0.432528 0.098594 0.127093
