1 0.188188 0.200630 0.063479 0.076519
0 0.258521 0.250009 0.068604 0.075722
0 0.323964 0.228287 0.073260 0.067833
2 0.394964 0.166454 0.179260 0.138537
0 0.325411 0.309074 0.077927 0.091148
0 0.447188 0.310852 0.086813 0.086778
0 0.926188 0.351741 0.109271 0.110889
0 0.417521 0.387889 0.091479 0.103370
0 0.567302 0.395787 0.103042 0.108907
0 0.522297 0.494954 0.109927 0.129463
0 0.687854 0.525769 0.126375 0.134981
0 0.808188 0.264630 0.072813 0.086000
1 0.601411 0.295648 0.100156 0.110889
0 0.767630 0.314407 0.088156 0.098630
0 0.786078 0.714611 0.148156 0.185556
0 0.603073 0.710056 0.143042 0.198593
0 0.745411 0.215247 0.057490 0.080469
0 0.703630 0.182058 0.047260 0.064661
2 0.611411 0.146901 0.094823 0.157902
