0 0.181630 0.243296 0.069490 0.065444
0 0.181521 0.210704 0.075479 0.054000
0 0.276521 0.286556 0.068604 0.074556
0 0.307521 0.251204 0.070604 0.067037
0 0.396188 0.294065 0.075479 0.073759
0 0.349635 0.350167 0.082375 0.091926
2 0.881078 0.411398 0.239927 0.332130
0 0.390854 0.232630 0.070604 0.053593
0 0.522630 0.389870 0.089260 0.097852
0 0.461521 0.449120 0.105271 0.108130
1 0.728635 0.287944 0.076375 0.112074
2 0.638521 0.189766 0.097479 0.148024
0 0.947521 0.903296 0.107042 0.197111
0 0.692630 0.204972 0.041260 0.063870
