0 0.129187 0.242704 0.069042 0.056370
0 0.238745 0.274315 0.065490 0.065852
0 0.244630 0.242509 0.071490 0.058352
0 0.333964 0.272537 0.070594 0.064667
0 0.315854 0.328231 0.076146 0.082833
2 0.919078 0.439250 0.163927 0.283537
0 0.319969 0.227889 0.071042 0.050444
0 0.469406 0.347991 0.078375 0.086796
0 0.399406 0.396981 0.086375 0.095481
1 0.790188 0.341074 0.098604 0.129852
2 0.676630 0.229074 0.121260 0.166593
0 0.760635 0.670361 0.167042 0.160278
0 0.753187 0.255546 0.055271 0.077315
0 0.873411 0.915741 0.255260 0.172222
0 0.614964 0.184037 0.038823 0.057556
