0 0.156078 0.198456 0.069927 0.057161
2 0.153301 0.128333 0.197711 0.094693
0 0.221073 0.233028 0.064375 0.070981
0 0.276630 0.211294 0.066594 0.063080
0 0.293854 0.278454 0.072146 0.074944
0 0.378854 0.260676 0.075479 0.070981
0 0.394964 0.363398 0.085490 0.094685
0 0.486078 0.338704 0.092156 0.088778
1 0.368297 0.181669 0.083260 0.070994
0 0.597745 0.434509 0.102156 0.110500
0 0.490521 0.494750 0.109938 0.136167
0 0.911630 0.340685 0.092156 0.120370
0 0.827745 0.277472 0.062156 0.088759
2 0.717740 0.248824 0.191042 0.236907
0 0.617188 0.342657 0.096604 0.080870
0 0.777745 0.690306 0.148823 0.175685
