0 0.176969 0.177120 0.063708 0.053204
1 0.207964 0.205766 0.062156 0.080469
0 0.272297 0.256926 0.071260 0.072963
0 0.357964 0.246852 0.075490 0.076519
2 0.435964 0.175343 0.176823 0.149204
0 0.342302 0.322315 0.079708 0.093111
0 0.478521 0.331593 0.091708 0.091926
0 0.973411 0.375833 0.055260 0.080074
0 0.959297 0.452880 0.083490 0.142500
0 0.876964 0.320333 0.097927 0.101000
0 0.432297 0.400926 0.095260 0.108111
0 0.598187 0.422463 0.108375 0.113259
0 0.536188 0.515500 0.114146 0.135778
0 0.720969 0.565074 0.135708 0.142481
0 0.780188 0.243296 0.068812 0.082037
1 0.648854 0.328630 0.112812 0.123926
0 0.727078 0.280824 0.078156 0.089167
0 0.817745 0.775639 0.168823 0.209648
0 0.627854 0.771694 0.157938 0.223093
0 0.724854 0.199250 0.054604 0.080870
