3 0.346297 0.178308 0.140156 0.151976
1 0.181745 0.185219 0.075490 0.084413
0 0.369854 0.278657 0.081479 0.080870
0 0.264745 0.255935 0.070823 0.086796
2 0.565411 0.231444 0.249490 0.232963
0 0.838521 0.360241 0.105042 0.119185
0 0.525411 0.356287 0.104594 0.101796
1 0.382630 0.331796 0.079927 0.126296
0 0.910740 0.328231 0.102375 0.098648
0 0.824630 0.268972 0.091490 0.093907
0 0.730187 0.249815 0.071938 0.086407
0 0.497521 0.461574 0.110604 0.127481
0 0.800411 0.630065 0.167490 0.179241
0 0.738188 0.205571 0.063479 0.072969
0 0.651297 0.196873 0.055927 0.072957
2 0.928521 0.491204 0.145042 0.310000
0 0.733187 0.857028 0.171708 0.237315
