0 0.159745 0.206947 0.065260 0.062291
0 0.185854 0.183836 0.062812 0.053994
0 0.239964 0.246056 0.068823 0.071778
0 0.278745 0.213472 0.073927 0.064278
0 0.330521 0.306898 0.076604 0.079685
0 0.392406 0.274111 0.076375 0.072556
1 0.241078 0.160725 0.087490 0.067031
0 0.488187 0.338111 0.091479 0.093111
0 0.403854 0.388481 0.093042 0.108519
2 0.806854 0.323294 0.265271 0.303672
0 0.498078 0.262454 0.074823 0.064278
0 0.632854 0.497130 0.113271 0.132222
0 0.761188 0.685574 0.175708 0.177259
1 0.658073 0.214259 0.059708 0.091926
