0 0.142078 0.245472 0.070823 0.060315
0 0.247411 0.279444 0.064156 0.066630
0 0.258188 0.246065 0.071938 0.059130
0 0.347078 0.279250 0.070156 0.070204
0 0.323635 0.335343 0.078375 0.084426
2 0.910854 0.432926 0.180375 0.289852
0 0.335078 0.229870 0.069260 0.052815
0 0.480297 0.357472 0.081490 0.086796
0 0.410297 0.406852 0.086823 0.097852
1 0.779521 0.330796 0.094146 0.125111
2 0.671745 0.222361 0.113260 0.162648
0 0.807969 0.711833 0.179042 0.178444
0 0.742302 0.244083 0.050375 0.073352
0 0.897411 0.944583 0.207260 0.114537
0 0.612073 0.180481 0.038375 0.055185
