3 0.404297 0.207148 0.149927 0.165407
0 0.162073 0.181472 0.073042 0.073759
1 0.226745 0.209519 0.078823 0.096667
0 0.417635 0.318157 0.087708 0.093500
1 0.235073 0.159343 0.069708 0.072167
0 0.304854 0.290898 0.071938 0.090352
0 0.948964 0.356676 0.104156 0.105759
0 0.953854 0.455444 0.094375 0.133407
2 0.670521 0.296034 0.311271 0.294191
0 0.777964 0.326463 0.075490 0.087185
0 0.608740 0.436083 0.122375 0.119981
1 0.439630 0.398556 0.085490 0.138148
0 0.854964 0.296824 0.091260 0.095093
0 0.778969 0.234009 0.078375 0.076907
0 0.703521 0.227685 0.067937 0.077704
0 0.596187 0.602407 0.133708 0.164222
0 0.929521 0.833315 0.143042 0.241259
0 0.709078 0.185417 0.056823 0.069796
0 0.631521 0.176336 0.047479 0.069809
