1 0.157630 0.192729 0.068594 0.073357
0 0.244745 0.239148 0.068156 0.069000
0 0.289740 0.215049 0.071042 0.061902
2 0.353187 0.155003 0.181479 0.126698
0 0.306411 0.292287 0.074156 0.084426
0 0.416188 0.289130 0.083042 0.081259
0 0.962521 0.387685 0.077042 0.113259
0 0.398635 0.366954 0.088375 0.098648
0 0.529411 0.364778 0.097927 0.099815
0 0.505635 0.475000 0.109042 0.119593
0 0.657521 0.489426 0.119938 0.126296
0 0.840635 0.290306 0.083042 0.093907
1 0.555964 0.265222 0.090594 0.104556
0 0.814630 0.346796 0.098156 0.104963
0 0.756854 0.662463 0.139042 0.168963
0 0.585521 0.666407 0.133271 0.179222
0 0.768630 0.232630 0.062594 0.086778
0 0.718521 0.194706 0.050375 0.066254
2 0.624635 0.160136 0.108375 0.166987
0 0.946078 0.602019 0.109927 0.133407
0 0.943745 0.961176 0.114594 0.081352
