0 0.178740 0.247843 0.069042 0.064278
0 0.175745 0.216231 0.075927 0.053204
0 0.273521 0.289120 0.068375 0.073352
0 0.302964 0.254361 0.069927 0.065463
0 0.391521 0.295639 0.075042 0.073759
0 0.347740 0.351546 0.081708 0.089167
2 0.883745 0.414759 0.234594 0.325407
0 0.385078 0.235981 0.070594 0.054000
0 0.518411 0.389074 0.088823 0.099444
0 0.455302 0.446750 0.101708 0.106537
1 0.734630 0.295648 0.079927 0.113259
2 0.642406 0.196083 0.099042 0.150389
0 0.938411 0.892630 0.125260 0.218444
0 0.698521 0.210704 0.041937 0.063481
