0 0.178187 0.215049 0.064375 0.069013
0 0.217521 0.193120 0.063938 0.059130
0 0.255521 0.254750 0.069708 0.073352
0 0.311521 0.223546 0.071042 0.068611
0 0.347969 0.320722 0.081708 0.088370
0 0.417854 0.291102 0.081937 0.079685
1 0.281635 0.164877 0.083708 0.069802
0 0.518521 0.362407 0.091271 0.099037
0 0.426073 0.411194 0.099708 0.111278
0 0.972411 0.390259 0.057260 0.123148
0 0.892630 0.325269 0.062594 0.095870
2 0.774521 0.296234 0.233479 0.281161
0 0.530745 0.282796 0.079260 0.071778
0 0.675297 0.551843 0.126594 0.138944
0 0.880745 0.808630 0.193927 0.219519
1 0.639297 0.198262 0.050594 0.089957
