3 0.467745 0.240333 0.162156 0.193852
0 0.215854 0.202602 0.072604 0.080463
1 0.281630 0.241907 0.083260 0.099037
0 0.981187 0.370509 0.039708 0.075722
0 0.489745 0.376630 0.100823 0.099037
1 0.306302 0.183645 0.070375 0.078894
0 0.347297 0.336731 0.079927 0.099833
0 0.896745 0.319148 0.093927 0.101815
0 0.957297 0.433324 0.062156 0.132611
0 0.847854 0.386509 0.085479 0.099833
2 0.784964 0.366954 0.381927 0.353056
0 0.761521 0.311444 0.079479 0.089556
0 0.716297 0.541963 0.145927 0.149222
1 0.513521 0.497722 0.103479 0.168963
0 0.800854 0.260093 0.078604 0.084815
0 0.737635 0.207151 0.067708 0.069809
0 0.667854 0.205368 0.060146 0.070191
0 0.732630 0.836481 0.173260 0.238889
