0 0.160406 0.176336 0.061708 0.069809
0 0.266854 0.233028 0.079937 0.077315
3 0.714969 0.414750 0.242375 0.295389
0 0.438302 0.357074 0.099708 0.129444
2 0.456854 0.205565 0.213271 0.185944
0 0.827740 0.328037 0.100375 0.108519
0 0.855302 0.290111 0.104375 0.101407
1 0.532521 0.464926 0.124604 0.180815
0 0.767521 0.224729 0.070146 0.080469
0 0.718630 0.243296 0.074156 0.078111
0 0.877297 0.724481 0.199927 0.194259
1 0.770188 0.351741 0.084375 0.102185
0 0.686302 0.846750 0.167708 0.234944
0 0.701521 0.179497 0.062604 0.068228
0 0.584854 0.200040 0.062146 0.098254
