0 0.174630 0.192731 0.070156 0.067833
3 0.626635 0.350750 0.205708 0.258241
0 0.358964 0.283593 0.085490 0.105741
2 0.341297 0.167843 0.186594 0.148426
0 0.951297 0.352537 0.099490 0.113259
1 0.434521 0.356481 0.106375 0.136963
0 0.845630 0.282602 0.093927 0.093500
0 0.834187 0.347000 0.100375 0.099815
0 0.709964 0.571000 0.154594 0.155148
1 0.521078 0.255741 0.082156 0.098259
0 0.529964 0.570602 0.119490 0.162241
0 0.758188 0.227093 0.075042 0.081259
0 0.674969 0.243889 0.067708 0.082444
0 0.587187 0.216432 0.070375 0.078098
2 0.899630 0.456833 0.202823 0.336074
0 0.644854 0.190753 0.062146 0.067828
0 0.948964 0.885324 0.104156 0.233056
1 0.796411 0.911593 0.186594 0.180519
0 0.692078 0.182062 0.056594 0.068617
