0 0.149297 0.196284 0.073260 0.061506
0 0.200745 0.184034 0.065927 0.055969
1 0.221411 0.212083 0.062823 0.082833
0 0.283188 0.264824 0.073479 0.078500
0 0.381521 0.260083 0.081271 0.078500
2 0.461854 0.182655 0.176604 0.157506
0 0.351521 0.330806 0.081271 0.095870
0 0.500078 0.349759 0.094823 0.096667
0 0.956188 0.367148 0.089708 0.109296
0 0.934297 0.424630 0.133490 0.155519
0 0.851521 0.301176 0.091042 0.095093
0 0.440854 0.409611 0.098146 0.109704
0 0.617854 0.441019 0.116604 0.120370
0 0.546740 0.530111 0.115708 0.138926
0 0.745078 0.595685 0.144823 0.152370
0 0.764745 0.231843 0.065927 0.078093
1 0.690854 0.356481 0.123938 0.131444
0 0.706297 0.261861 0.071260 0.084426
0 0.847078 0.822259 0.180823 0.219926
0 0.655745 0.829769 0.175927 0.239685
0 0.713078 0.188188 0.050156 0.069809
