0 0.145521 0.197074 0.074146 0.059926
0 0.213740 0.231241 0.065708 0.072963
0 0.266854 0.209521 0.066604 0.065069
0 0.286187 0.273120 0.071938 0.076907
0 0.368078 0.255537 0.074823 0.074148
0 0.384302 0.355102 0.086375 0.096278
0 0.472188 0.327648 0.091042 0.089556
1 0.354302 0.179299 0.081042 0.075735
0 0.582521 0.418111 0.101938 0.111667
0 0.478073 0.478352 0.106375 0.128667
0 0.925854 0.349370 0.097042 0.122741
0 0.838406 0.286556 0.060375 0.089556
2 0.727630 0.256731 0.197927 0.243241
0 0.599630 0.329028 0.092156 0.082833
0 0.759745 0.665815 0.143490 0.174889
