0 0.186854 0.211102 0.067937 0.064278
0 0.151521 0.184432 0.079042 0.056765
2 0.216745 0.134855 0.192156 0.105365
0 0.248073 0.251204 0.066375 0.076519
0 0.319521 0.232037 0.071042 0.067444
0 0.323078 0.302750 0.076823 0.083241
0 0.422073 0.286759 0.081042 0.078889
0 0.430745 0.398361 0.095260 0.104574
0 0.540187 0.379389 0.100375 0.099037
0 0.959411 0.369519 0.083260 0.095889
1 0.427078 0.204581 0.083490 0.082839
0 0.957854 0.464537 0.086375 0.126296
0 0.658302 0.506009 0.110375 0.129463
0 0.530745 0.558759 0.117490 0.151185
0 0.858854 0.302361 0.080812 0.105352
0 0.788969 0.247444 0.055708 0.077704
2 0.683740 0.219984 0.163042 0.209254
0 0.694187 0.396778 0.110146 0.091148
0 0.850964 0.800139 0.172594 0.207278
