3 0.421964 0.217025 0.153260 0.169357
0 0.177964 0.185419 0.073260 0.076124
1 0.241411 0.218206 0.078823 0.094291
0 0.434854 0.333769 0.092375 0.094685
1 0.256406 0.165669 0.067042 0.072180
0 0.315745 0.301370 0.073260 0.095481
0 0.940521 0.351148 0.121042 0.114444
0 0.935297 0.429574 0.131490 0.141704
2 0.699635 0.314799 0.329042 0.304069
0 0.794406 0.337315 0.087042 0.104963
0 0.637302 0.462954 0.129708 0.127870
1 0.458745 0.423639 0.091260 0.149611
0 0.839521 0.286759 0.087479 0.086000
0 0.767635 0.224333 0.074375 0.067815
0 0.693964 0.222157 0.063490 0.069019
0 0.630745 0.658111 0.144156 0.174481
0 0.948964 0.883935 0.104156 0.235833
0 0.700854 0.180880 0.057271 0.070204
0 0.627073 0.168630 0.044375 0.059926
