0 0.135078 0.244287 0.070156 0.057944
0 0.243078 0.276481 0.063490 0.065444
0 0.251188 0.243694 0.071271 0.059130
0 0.340078 0.275694 0.070823 0.067833
0 0.319635 0.331194 0.077042 0.083241
2 0.915187 0.437074 0.171708 0.288667
0 0.327078 0.229278 0.070594 0.051630
0 0.474630 0.351546 0.079490 0.086796
0 0.404630 0.400926 0.087490 0.095481
1 0.784854 0.336722 0.096812 0.127481
2 0.673745 0.225917 0.119927 0.165019
0 0.783635 0.690500 0.173042 0.168963
0 0.745969 0.250602 0.055042 0.074537
0 0.884745 0.930361 0.232594 0.142981
0 0.613406 0.182852 0.037042 0.055185
