1 0.138077 0.190157 0.069930 0.072167
0 0.236854 0.235787 0.066146 0.065463
0 0.270078 0.208534 0.075260 0.064672
2 0.331188 0.152827 0.184146 0.124717
0 0.296188 0.284185 0.071938 0.082444
0 0.400297 0.279250 0.081927 0.078093
0 0.975521 0.398750 0.051042 0.099833
0 0.387411 0.355889 0.085927 0.096259
0 0.511188 0.348778 0.095271 0.094704
0 0.496521 0.465519 0.108604 0.121148
0 0.640302 0.470852 0.115708 0.118407
0 0.860854 0.303537 0.084812 0.091926
1 0.532635 0.253574 0.089708 0.097852
0 0.839964 0.367352 0.106156 0.109704
0 0.739630 0.635593 0.130823 0.159481
0 0.577521 0.647833 0.131937 0.176074
0 0.780745 0.244287 0.064156 0.087981
0 0.729297 0.204581 0.054594 0.068617
2 0.632406 0.167840 0.115042 0.175283
0 0.917521 0.556389 0.167042 0.129852
0 0.931854 0.936676 0.138375 0.130352
