0 0.232630 0.218605 0.071490 0.080865
0 0.355073 0.283389 0.088375 0.089556
0 0.226073 0.176139 0.081042 0.060722
3 0.801188 0.501861 0.276146 0.351870
0 0.509745 0.440824 0.116823 0.149204
2 0.571406 0.256731 0.253042 0.226648
0 0.903635 0.340481 0.133042 0.130259
0 0.694188 0.251398 0.074146 0.090352
0 0.782187 0.241324 0.087042 0.096278
1 0.624411 0.597472 0.155927 0.228611
0 0.714302 0.186206 0.063708 0.070587
0 0.665073 0.198065 0.061708 0.069019
0 0.961078 0.850306 0.079927 0.175685
1 0.919630 0.447343 0.124594 0.147241
