3 0.574964 0.310852 0.188156 0.239296
0 0.310078 0.250806 0.081490 0.093907
2 0.280854 0.155398 0.177271 0.142500
1 0.383297 0.311250 0.095490 0.117611
0 0.892635 0.310056 0.083042 0.086000
0 0.630630 0.503843 0.133260 0.135389
1 0.440630 0.226506 0.083927 0.091135
0 0.455073 0.464139 0.101708 0.130241
0 0.799745 0.255343 0.083490 0.088759
0 0.746078 0.296435 0.076594 0.112463
0 0.649635 0.256333 0.073042 0.088370
2 0.858854 0.436481 0.284375 0.372037
0 0.669073 0.216432 0.068375 0.080469
0 0.906188 0.765370 0.189708 0.233370
1 0.683854 0.775250 0.158375 0.261019
0 0.723406 0.208139 0.062375 0.070204
