0 0.131854 0.191938 0.075708 0.060717
0 0.180854 0.179102 0.064812 0.054796
1 0.211521 0.206753 0.062146 0.078494
0 0.275078 0.259296 0.072823 0.074556
0 0.363964 0.250204 0.077260 0.075333
2 0.442740 0.177719 0.175708 0.152376
0 0.344854 0.323685 0.080375 0.094296
0 0.484302 0.335944 0.091708 0.094296
0 0.968297 0.374463 0.065490 0.090741
0 0.952745 0.449130 0.096594 0.152370
0 0.870411 0.315787 0.095927 0.100611
0 0.434854 0.403694 0.095937 0.108907
0 0.603297 0.427204 0.110156 0.113259
0 0.538969 0.518454 0.114375 0.135389
0 0.726521 0.571991 0.137937 0.144463
0 0.776188 0.239935 0.067937 0.078500
1 0.658521 0.335148 0.115708 0.126704
0 0.721406 0.276287 0.077042 0.088759
0 0.824302 0.787102 0.171708 0.215981
0 0.633630 0.784528 0.161927 0.229019
0 0.721630 0.196479 0.052594 0.078487
