0 0.154078 0.174756 0.061490 0.070598
0 0.258854 0.228481 0.078604 0.076111
3 0.707521 0.407241 0.239937 0.287481
0 0.432078 0.350556 0.098823 0.128259
2 0.446964 0.202213 0.210823 0.183981
0 0.840297 0.339296 0.109927 0.112852
0 0.861078 0.294065 0.107490 0.102981
1 0.524406 0.453269 0.123042 0.176463
0 0.772745 0.228880 0.072156 0.081648
0 0.725854 0.251593 0.075271 0.079667
0 0.862745 0.711639 0.197490 0.187537
1 0.763078 0.349370 0.083490 0.100630
0 0.671521 0.819102 0.163479 0.227833
0 0.705411 0.183049 0.063260 0.069013
0 0.589964 0.204185 0.063490 0.097852
