3 0.530854 0.277669 0.179042 0.217957
0 0.270297 0.227694 0.079260 0.090352
2 0.233297 0.142750 0.170594 0.133796
1 0.340964 0.281620 0.091260 0.116019
0 0.936411 0.337713 0.083490 0.085204
0 0.568630 0.448139 0.120823 0.121944
1 0.378630 0.205565 0.077260 0.084019
0 0.401740 0.399935 0.091042 0.121167
0 0.838078 0.283204 0.092156 0.095481
0 0.817964 0.332981 0.087927 0.100222
0 0.688854 0.292287 0.082146 0.086796
2 0.831964 0.425019 0.338156 0.406000
0 0.690854 0.237176 0.069708 0.081648
0 0.822297 0.653769 0.169490 0.186352
1 0.600187 0.630852 0.129271 0.210037
0 0.754411 0.229074 0.070594 0.073370
0 0.702521 0.177521 0.056146 0.067439
0 0.644745 0.184231 0.056594 0.067426
