0 0.166630 0.201818 0.070594 0.061513
2 0.177187 0.129913 0.195708 0.102593
0 0.232745 0.241722 0.067260 0.074148
0 0.293188 0.220185 0.067708 0.063481
0 0.303635 0.285370 0.074375 0.080074
0 0.395411 0.271148 0.078823 0.079296
0 0.407964 0.374852 0.089260 0.099444
0 0.505964 0.353713 0.095927 0.091130
0 0.977964 0.393815 0.046156 0.086000
1 0.391969 0.190750 0.080375 0.078093
0 0.620411 0.457815 0.104823 0.114444
0 0.506969 0.520435 0.113042 0.137759
0 0.891521 0.324287 0.088375 0.112870
0 0.814854 0.266602 0.054604 0.085204
2 0.704187 0.237568 0.182146 0.223087
0 0.645854 0.362806 0.097937 0.083241
0 0.806854 0.733370 0.157271 0.188333
