0 0.167964 0.191148 0.068823 0.067037
3 0.619630 0.345222 0.203260 0.256667
0 0.352964 0.279250 0.085490 0.103389
2 0.332964 0.165466 0.185490 0.145254
0 0.953630 0.350750 0.094823 0.101019
1 0.428187 0.352731 0.105271 0.136574
0 0.850411 0.286167 0.091490 0.091926
0 0.853745 0.362602 0.098156 0.096278
0 0.698630 0.562704 0.151927 0.154333
1 0.511854 0.254750 0.083708 0.103389
0 0.520078 0.555389 0.117927 0.157111
0 0.762521 0.231843 0.076604 0.082056
0 0.686740 0.253370 0.069042 0.091926
0 0.597078 0.225716 0.072823 0.083235
2 0.894521 0.457620 0.213042 0.346352
0 0.647854 0.195886 0.061937 0.070191
0 0.942964 0.877417 0.116156 0.248870
1 0.782854 0.898750 0.183479 0.206204
0 0.695297 0.185021 0.057260 0.068217
