1 0.184302 0.198855 0.063708 0.076920
0 0.256406 0.247843 0.069708 0.074537
0 0.318188 0.225519 0.074146 0.067037
2 0.388297 0.163889 0.178823 0.135778
0 0.322854 0.305713 0.077271 0.089167
0 0.442188 0.306500 0.087042 0.086000
0 0.940630 0.357463 0.120823 0.112074
0 0.415297 0.385120 0.090156 0.103389
0 0.561521 0.390454 0.102146 0.107722
0 0.519854 0.491389 0.110812 0.128667
0 0.683188 0.518657 0.125042 0.132611
0 0.813521 0.269167 0.075042 0.087185
1 0.594187 0.290704 0.099479 0.109704
0 0.774854 0.319741 0.088813 0.099815
0 0.781297 0.705519 0.146594 0.182407
0 0.600411 0.703352 0.141260 0.196222
0 0.748630 0.218213 0.058156 0.083241
0 0.706297 0.184627 0.048594 0.064265
2 0.613521 0.148484 0.096375 0.158698
