0 0.203302 0.204972 0.071042 0.066241
2 0.258740 0.135244 0.238375 0.129846
0 0.274411 0.197469 0.075927 0.066246
1 0.258521 0.226704 0.060146 0.083630
0 0.321078 0.288139 0.078156 0.081648
0 0.457297 0.308287 0.087927 0.090352
0 0.972078 0.375241 0.057927 0.093111
0 0.947854 0.445167 0.106375 0.119185
2 0.552078 0.217028 0.180594 0.185167
0 0.382964 0.354500 0.086823 0.103778
0 0.568078 0.401519 0.106823 0.110111
0 0.859969 0.299593 0.085708 0.095074
0 0.779964 0.307694 0.093260 0.116019
0 0.792406 0.254556 0.072375 0.084815
0 0.477297 0.441620 0.106594 0.120759
0 0.695187 0.513713 0.130812 0.133019
0 0.606188 0.613870 0.127042 0.157111
0 0.863078 0.743241 0.185260 0.198593
0 0.724302 0.193719 0.057042 0.070598
1 0.897964 0.494556 0.173260 0.177667
0 0.654740 0.207938 0.051708 0.071383
0 0.937411 0.957815 0.127260 0.088074
