0 0.164745 0.253167 0.070823 0.062296
0 0.150630 0.227093 0.078594 0.055185
0 0.262406 0.289120 0.065708 0.070981
0 0.283188 0.256333 0.070813 0.061519
0 0.370635 0.291889 0.069708 0.070185
0 0.338521 0.349759 0.081042 0.087185
2 0.897411 0.423444 0.207260 0.311963
0 0.361297 0.239343 0.068823 0.052019
0 0.500297 0.376426 0.084594 0.095481
0 0.431854 0.428389 0.093479 0.099037
1 0.759406 0.317167 0.085042 0.116815
2 0.656745 0.213864 0.110823 0.154346
0 0.902078 0.806065 0.197927 0.208870
0 0.719635 0.230657 0.047708 0.065463
