3 0.279521 0.158750 0.140375 0.137352
0 0.321630 0.250602 0.078823 0.076907
0 0.223854 0.224534 0.067271 0.080080
2 0.470630 0.185812 0.222156 0.192265
0 0.459854 0.301370 0.092146 0.094704
1 0.336745 0.284574 0.070823 0.106148
0 0.888411 0.306704 0.102156 0.096667
0 0.805297 0.312454 0.078781 0.080981
0 0.421745 0.378213 0.097260 0.110093
0 0.653745 0.476185 0.131490 0.130630
0 0.782630 0.234407 0.076823 0.076926
0 0.679297 0.224528 0.059927 0.079278
2 0.855297 0.435296 0.291490 0.374407
0 0.571969 0.570602 0.120375 0.157500
0 0.874188 0.745815 0.181708 0.207667
0 0.725187 0.195494 0.055271 0.072569
