0 0.141411 0.171201 0.062823 0.070598
0 0.243854 0.219590 0.075271 0.074931
3 0.694188 0.399537 0.231937 0.283926
0 0.418745 0.336926 0.096156 0.124704
2 0.427964 0.193917 0.207490 0.176870
0 0.867964 0.359444 0.126594 0.115222
0 0.873078 0.300583 0.114156 0.101796
1 0.507406 0.431935 0.119708 0.166981
0 0.784078 0.237176 0.074823 0.084019
0 0.740521 0.267593 0.081937 0.083222
0 0.833078 0.685565 0.188823 0.182796
1 0.720078 0.326259 0.085490 0.099444
0 0.644187 0.769917 0.154146 0.214796
0 0.713078 0.190160 0.063927 0.071383
0 0.600297 0.210111 0.068156 0.093111
0 0.539188 0.184040 0.057479 0.073365
