0 0.232073 0.214460 0.069042 0.069413
0 0.151078 0.190558 0.063490 0.069809
2 0.315406 0.146905 0.231708 0.140524
0 0.318078 0.214058 0.068594 0.067031
1 0.278630 0.240731 0.062156 0.088759
0 0.337740 0.302556 0.080375 0.087593
0 0.490969 0.331593 0.093042 0.091148
0 0.932521 0.338704 0.107708 0.110889
0 0.862854 0.378407 0.111937 0.112852
2 0.600740 0.243692 0.191708 0.206098
0 0.402854 0.370509 0.091042 0.103389
0 0.612964 0.443593 0.115260 0.119963
0 0.826521 0.276870 0.077042 0.090741
0 0.724635 0.260870 0.073708 0.103778
0 0.768630 0.234806 0.068823 0.081648
0 0.516078 0.481917 0.113927 0.127870
0 0.755630 0.578306 0.142823 0.149204
0 0.660073 0.719741 0.139708 0.184778
0 0.929964 0.880583 0.142156 0.242537
0 0.705745 0.176136 0.051490 0.066246
