3 0.497854 0.259296 0.171708 0.205704
0 0.241745 0.214855 0.075490 0.082846
2 0.198854 0.132679 0.174604 0.122346
1 0.311297 0.258704 0.087490 0.107333
0 0.965854 0.354111 0.070375 0.088778
0 0.529411 0.412583 0.109490 0.112463
1 0.339740 0.190954 0.072375 0.080870
0 0.370078 0.359833 0.084156 0.102593
0 0.863187 0.294852 0.087708 0.091148
0 0.902073 0.383546 0.091708 0.105759
0 0.772635 0.349176 0.081708 0.096278
2 0.815187 0.397176 0.371708 0.389019
0 0.714740 0.257907 0.067708 0.088370
0 0.768187 0.591935 0.158146 0.163833
1 0.552073 0.557963 0.115708 0.185148
0 0.778964 0.246065 0.075260 0.082056
0 0.720187 0.192926 0.061708 0.070593
0 0.657078 0.196287 0.059927 0.065463
0 0.796078 0.919296 0.188594 0.165111
