3 0.274745 0.157176 0.140156 0.134204
0 0.317964 0.248241 0.078156 0.075333
0 0.221630 0.223546 0.067260 0.079685
2 0.464630 0.183639 0.222594 0.189500
0 0.455521 0.297611 0.091479 0.094296
1 0.333964 0.281222 0.070156 0.104185
0 0.894297 0.310065 0.103260 0.096278
0 0.815630 0.319657 0.080031 0.082500
0 0.417411 0.374648 0.097490 0.110889
0 0.645078 0.468481 0.130156 0.127074
0 0.785854 0.236778 0.077937 0.076926
0 0.681745 0.226704 0.059927 0.078889
2 0.850297 0.425815 0.301490 0.365704
0 0.562078 0.555194 0.118823 0.150389
0 0.861187 0.728824 0.177042 0.198981
0 0.728073 0.197664 0.057042 0.073746
0 0.622964 0.167053 0.051260 0.076524
0 0.691078 0.166454 0.050156 0.067426
0 0.824635 0.963148 0.159042 0.077407
