0 0.212188 0.220185 0.068812 0.061111
0 0.215521 0.191540 0.077708 0.055180
2 0.271073 0.140182 0.184375 0.110487
0 0.269964 0.267593 0.068823 0.076926
0 0.355521 0.255741 0.073271 0.072963
0 0.352745 0.324880 0.078823 0.092722
0 0.459411 0.313019 0.089927 0.084815
0 0.466078 0.434509 0.103260 0.110500
0 0.589964 0.421667 0.108823 0.104556
0 0.917745 0.344630 0.099927 0.100630
1 0.474406 0.224136 0.084375 0.088765
0 0.915521 0.419685 0.126604 0.120370
0 0.698854 0.564880 0.115479 0.142093
0 0.553854 0.602407 0.125479 0.157889
0 0.819964 0.276481 0.075490 0.098630
0 0.755521 0.225120 0.059937 0.070981
2 0.657740 0.196481 0.137708 0.191481
0 0.779964 0.460185 0.128823 0.110481
0 0.904411 0.890065 0.193260 0.223574
