3 0.334964 0.173766 0.136594 0.142098
1 0.172188 0.181669 0.079937 0.082846
0 0.361635 0.270556 0.081042 0.071000
0 0.257188 0.249815 0.067708 0.084815
2 0.549411 0.223151 0.243260 0.225069
0 0.848854 0.362407 0.099937 0.104556
0 0.513854 0.346602 0.101042 0.104574
1 0.373854 0.322898 0.081042 0.116426
0 0.922188 0.333769 0.104375 0.098648
0 0.833297 0.272537 0.093260 0.090741
0 0.736078 0.256722 0.076594 0.090741
0 0.481635 0.441426 0.107708 0.120370
0 0.774969 0.596481 0.161042 0.161852
0 0.744411 0.211296 0.066594 0.078889
0 0.655521 0.202407 0.053271 0.072963
2 0.913854 0.483889 0.174375 0.323815
0 0.701630 0.797963 0.156594 0.217148
0 0.963854 0.920676 0.074375 0.162352
0 0.698854 0.171787 0.051042 0.070981
