0 0.104967 0.241324 0.070378 0.054389
0 0.222188 0.267389 0.069271 0.059926
0 0.218854 0.234602 0.075479 0.053611
0 0.311964 0.264630 0.068823 0.061519
0 0.301854 0.314213 0.072146 0.076907
2 0.934964 0.445769 0.132156 0.261019
0 0.294411 0.223352 0.072823 0.051630
0 0.449188 0.332778 0.076146 0.085593
0 0.382521 0.381565 0.082375 0.089167
1 0.814745 0.359648 0.104156 0.136963
2 0.691521 0.239540 0.133708 0.167772
0 0.679302 0.597472 0.143042 0.140907
0 0.782302 0.270759 0.057042 0.075333
0 0.778635 0.852093 0.225708 0.237704
0 0.622854 0.194308 0.041271 0.065457
