0 0.129964 0.194503 0.073260 0.061106
0 0.201630 0.225120 0.063260 0.074944
0 0.252188 0.204380 0.064375 0.065056
0 0.274406 0.266611 0.071042 0.078889
0 0.351635 0.244880 0.074375 0.074944
0 0.373297 0.344630 0.082156 0.092704
0 0.454411 0.314009 0.088823 0.082833
1 0.329411 0.173769 0.083260 0.074944
0 0.560521 0.396972 0.096604 0.106537
0 0.459964 0.454259 0.106594 0.122333
0 0.948854 0.366352 0.104375 0.132222
0 0.856630 0.298213 0.059927 0.086796
2 0.741630 0.268577 0.209927 0.256661
0 0.576630 0.314009 0.088823 0.074944
0 0.731630 0.625120 0.138823 0.163833
0 0.947188 0.916731 0.107708 0.170241
1 0.625521 0.183639 0.046604 0.082833
