1 0.151630 0.191544 0.069927 0.070987
0 0.242745 0.237963 0.065490 0.069000
0 0.284406 0.213271 0.071042 0.063087
2 0.345521 0.155003 0.182146 0.124328
0 0.302745 0.289324 0.072156 0.080870
0 0.410521 0.284389 0.081042 0.078889
0 0.967187 0.393019 0.067708 0.114444
0 0.394969 0.363398 0.087708 0.098648
0 0.522745 0.359444 0.096594 0.098630
0 0.501635 0.472037 0.107708 0.118407
0 0.652188 0.485870 0.119938 0.126296
0 0.846635 0.293269 0.084375 0.092722
1 0.548297 0.261667 0.089927 0.104556
0 0.823297 0.354500 0.102156 0.108519
0 0.752188 0.654759 0.137708 0.167778
0 0.582187 0.658704 0.133271 0.175667
0 0.771630 0.235000 0.063260 0.086778
0 0.722187 0.196484 0.051042 0.065069
2 0.626635 0.164877 0.111042 0.171728
0 0.934411 0.586611 0.133260 0.138148
0 0.937745 0.952287 0.126594 0.099130
