3 0.472745 0.240926 0.158823 0.197407
0 0.222188 0.207343 0.073271 0.082833
1 0.288297 0.244870 0.083260 0.102593
0 0.978854 0.366361 0.044375 0.076907
0 0.497745 0.383148 0.102156 0.102593
1 0.313302 0.183645 0.071042 0.078894
0 0.349964 0.339694 0.079927 0.098648
0 0.889411 0.312037 0.083260 0.094704
0 0.918297 0.410806 0.085490 0.106537
0 0.835521 0.369324 0.082146 0.098648
2 0.800521 0.372287 0.401042 0.361352
0 0.750521 0.300185 0.078812 0.090741
0 0.728297 0.552037 0.149927 0.148037
1 0.520521 0.509574 0.105479 0.173704
0 0.797187 0.254759 0.076604 0.078889
0 0.734969 0.205373 0.067708 0.070994
0 0.663854 0.202405 0.058813 0.069006
0 0.744964 0.857222 0.176594 0.244815
