0 0.201969 0.253370 0.068375 0.057963
0 0.190630 0.226509 0.075927 0.052426
0 0.289411 0.248824 0.068594 0.058352
0 0.286630 0.298407 0.068823 0.071370
2 0.954078 0.460185 0.093927 0.256667
0 0.268630 0.213463 0.073260 0.046889
0 0.426854 0.312426 0.075479 0.078889
0 0.364521 0.362009 0.080604 0.086389
1 0.837964 0.374454 0.112823 0.142093
2 0.709521 0.251988 0.144375 0.187135
0 0.615078 0.531296 0.123490 0.130259
0 0.811635 0.288130 0.067708 0.077704
0 0.692964 0.745222 0.192156 0.211222
0 0.627302 0.200435 0.040375 0.064278
