0 0.174187 0.213271 0.063938 0.067828
0 0.210854 0.190553 0.064375 0.059524
0 0.252411 0.252583 0.068823 0.071389
0 0.304411 0.220778 0.071490 0.067037
0 0.344411 0.318750 0.081260 0.087574
0 0.412073 0.287343 0.081042 0.078500
1 0.273187 0.162706 0.083708 0.068624
0 0.511854 0.356481 0.090375 0.099037
0 0.421187 0.405861 0.100146 0.110093
0 0.977187 0.394204 0.047708 0.119185
0 0.899078 0.330407 0.064823 0.095889
2 0.779740 0.301769 0.239042 0.285907
0 0.523745 0.278657 0.078594 0.073759
0 0.666187 0.539593 0.123042 0.135000
0 0.860078 0.781370 0.191260 0.206889
1 0.641964 0.201021 0.049260 0.090735
