3 0.503854 0.264630 0.174375 0.209259
0 0.247745 0.217225 0.075490 0.082846
2 0.205521 0.130308 0.173271 0.122346
1 0.316630 0.261667 0.088823 0.108519
0 0.962187 0.353519 0.077708 0.094704
0 0.537745 0.419694 0.108823 0.112463
1 0.346073 0.194509 0.074375 0.080870
0 0.376078 0.366352 0.085490 0.108519
0 0.858854 0.291296 0.084375 0.088778
0 0.889406 0.378213 0.094375 0.104574
0 0.748302 0.330806 0.074375 0.092722
2 0.818854 0.404880 0.364375 0.394944
0 0.711073 0.250796 0.064375 0.090741
0 0.778854 0.604380 0.162146 0.169759
1 0.561073 0.569815 0.117708 0.187519
0 0.774964 0.241917 0.076594 0.080870
0 0.717187 0.190556 0.061042 0.072963
0 0.654411 0.191546 0.059927 0.063093
0 0.802745 0.933519 0.183260 0.136667
