0 0.143302 0.205368 0.064375 0.063080
0 0.161073 0.178704 0.064375 0.049259
0 0.226630 0.237963 0.068823 0.072963
0 0.258297 0.205368 0.063260 0.063080
0 0.318297 0.298213 0.076594 0.082833
0 0.373297 0.266602 0.075490 0.074944
1 0.214411 0.160926 0.082156 0.061111
0 0.465521 0.322907 0.084375 0.084815
0 0.390521 0.373269 0.092146 0.106537
2 0.838854 0.341667 0.291042 0.315926
0 0.472188 0.250806 0.073271 0.063093
0 0.602187 0.460185 0.108812 0.110481
0 0.662187 0.600435 0.164375 0.153944
1 0.670521 0.227102 0.058813 0.098648
