0 0.187630 0.197472 0.072156 0.070204
3 0.640969 0.359639 0.209042 0.264167
0 0.370630 0.292481 0.087490 0.109296
2 0.357297 0.171991 0.187927 0.154352
0 0.942297 0.347204 0.117490 0.119185
1 0.447521 0.367741 0.108375 0.142889
0 0.834297 0.272528 0.091260 0.092315
0 0.811188 0.328037 0.094375 0.104556
0 0.732964 0.588778 0.159260 0.155148
1 0.542745 0.260481 0.084156 0.091148
0 0.549630 0.602602 0.125490 0.166981
0 0.747521 0.217021 0.073708 0.077698
0 0.657302 0.226704 0.069708 0.076519
0 0.574188 0.206951 0.068375 0.073357
2 0.908630 0.458019 0.184823 0.317111
0 0.639521 0.181864 0.062146 0.066643
0 0.959297 0.901324 0.083490 0.201056
1 0.820745 0.940037 0.172594 0.123630
