0 0.198521 0.214456 0.068146 0.063087
0 0.180521 0.186799 0.077937 0.052809
2 0.239969 0.136627 0.191042 0.108117
0 0.257521 0.257917 0.069271 0.074944
0 0.334969 0.243296 0.073042 0.068630
0 0.335297 0.310065 0.077260 0.086796
0 0.437745 0.298602 0.083927 0.087574
0 0.446411 0.412981 0.095490 0.103778
0 0.560740 0.398556 0.102375 0.101815
0 0.948411 0.358463 0.105260 0.096667
1 0.447521 0.212287 0.084812 0.085611
0 0.943854 0.448528 0.114375 0.130648
0 0.677078 0.532880 0.112823 0.136574
0 0.542302 0.580870 0.123708 0.155926
0 0.840078 0.290704 0.077490 0.106556
0 0.775078 0.238556 0.055927 0.074926
2 0.672078 0.208336 0.151260 0.197809
0 0.727964 0.423444 0.115927 0.097852
0 0.874521 0.843593 0.181479 0.227815
