0 0.217188 0.264630 0.069479 0.061519
0 0.211969 0.232435 0.075042 0.053204
0 0.306630 0.261278 0.069260 0.061111
0 0.297635 0.310657 0.071708 0.076907
2 0.939411 0.450306 0.123260 0.260611
0 0.288187 0.221565 0.074146 0.051241
0 0.443745 0.328630 0.075490 0.085222
0 0.377964 0.377028 0.082156 0.088759
1 0.820406 0.364574 0.105708 0.138148
2 0.695187 0.243102 0.137479 0.170944
0 0.661411 0.580481 0.138823 0.140111
0 0.789635 0.275685 0.059708 0.076519
0 0.755521 0.826213 0.216812 0.232574
0 0.624964 0.197077 0.041490 0.063883
