0 0.218411 0.209123 0.068823 0.080865
0 0.338635 0.271935 0.085708 0.090352
0 0.204740 0.170213 0.081042 0.058352
3 0.785187 0.484481 0.266375 0.340815
0 0.495745 0.423046 0.112823 0.146833
2 0.549854 0.245269 0.243708 0.213204
0 0.936411 0.363000 0.129260 0.142111
0 0.705745 0.262065 0.090156 0.086389
0 0.795073 0.250009 0.089708 0.094685
1 0.605521 0.569815 0.146604 0.223889
0 0.723187 0.191345 0.065479 0.071383
0 0.670854 0.207145 0.066146 0.071376
0 0.947964 0.836481 0.106156 0.197000
1 0.884078 0.418509 0.100594 0.125907
