0 0.148406 0.247046 0.071042 0.061907
0 0.127408 0.227500 0.075705 0.050444
0 0.251297 0.282009 0.064823 0.068611
0 0.264745 0.248435 0.072594 0.060722
0 0.352964 0.282407 0.069927 0.070185
0 0.327411 0.338704 0.079260 0.085593
2 0.907854 0.431935 0.186375 0.297352
0 0.342187 0.231241 0.068812 0.054000
0 0.485745 0.362213 0.081260 0.089167
0 0.415521 0.412380 0.087938 0.099426
1 0.773969 0.326852 0.091042 0.121963
2 0.667740 0.220382 0.112375 0.160272
0 0.831411 0.735148 0.184156 0.182407
0 0.736854 0.239546 0.049271 0.071389
0 0.909854 0.959593 0.182375 0.084519
