3 0.456854 0.234407 0.161708 0.186741
0 0.205854 0.197864 0.073042 0.082050
1 0.271854 0.235991 0.083271 0.098241
0 0.981854 0.386704 0.038375 0.079667
0 0.474187 0.364389 0.100812 0.096667
1 0.293630 0.175744 0.068156 0.075735
0 0.338411 0.328435 0.079927 0.097463
0 0.908297 0.329417 0.096594 0.101796
0 0.984078 0.457815 0.033927 0.137370
0 0.872521 0.399546 0.086813 0.106944
2 0.763188 0.355494 0.373042 0.347531
0 0.786188 0.326065 0.082604 0.090352
0 0.697188 0.521019 0.142375 0.140519
1 0.499073 0.474806 0.100375 0.161056
0 0.809073 0.266009 0.084375 0.080870
0 0.746073 0.213868 0.070375 0.070598
0 0.675411 0.212086 0.061927 0.067828
0 0.704854 0.789472 0.165708 0.225463
