0 0.190630 0.249815 0.071490 0.061889
0 0.174187 0.223343 0.076812 0.057167
0 0.278302 0.243685 0.067708 0.062296
0 0.279078 0.290500 0.067927 0.072963
2 0.962745 0.461370 0.076594 0.244815
0 0.254630 0.213463 0.072823 0.046889
0 0.415297 0.304528 0.075490 0.077315
0 0.354969 0.354111 0.078375 0.086407
1 0.848854 0.382759 0.116812 0.142889
2 0.717297 0.256333 0.150156 0.187926
0 0.589302 0.504426 0.113708 0.119185
0 0.826302 0.303148 0.078375 0.082444
0 0.655188 0.702944 0.177937 0.196222
0 0.634187 0.205966 0.046146 0.067439
