3 0.382073 0.195692 0.145042 0.157506
0 0.139856 0.170206 0.077934 0.071772
1 0.210740 0.198849 0.075708 0.087969
0 0.399854 0.301370 0.084146 0.086000
1 0.210854 0.151836 0.068375 0.070587
0 0.290745 0.276880 0.072594 0.092315
0 0.960521 0.368333 0.081042 0.105370
2 0.630078 0.271546 0.285927 0.270500
0 0.798740 0.320731 0.091708 0.108130
0 0.575635 0.403296 0.114375 0.114444
1 0.417745 0.369917 0.083490 0.133019
0 0.876635 0.307694 0.096375 0.098648
0 0.796302 0.249620 0.082375 0.091537
0 0.719630 0.241120 0.068156 0.086389
0 0.557187 0.541963 0.123708 0.147630
0 0.903297 0.750954 0.195490 0.219537
0 0.719521 0.191546 0.060813 0.072574
0 0.641854 0.181864 0.052604 0.066643
