0 0.207078 0.203194 0.073260 0.072167
3 0.659745 0.373861 0.221260 0.278389
0 0.390521 0.307491 0.090375 0.117204
2 0.381745 0.178706 0.197260 0.159883
0 0.906630 0.331593 0.115490 0.115630
1 0.468630 0.389074 0.113260 0.150000
0 0.814854 0.258315 0.082604 0.088370
0 0.786073 0.301759 0.089042 0.097852
0 0.767521 0.621963 0.170604 0.164630
1 0.582078 0.272926 0.084594 0.089148
0 0.582964 0.654361 0.133927 0.185167
0 0.733411 0.205762 0.071260 0.078883
0 0.630078 0.218803 0.064594 0.082839
0 0.560854 0.196284 0.075042 0.075728
2 0.928411 0.464139 0.145260 0.295389
0 0.631521 0.172979 0.056813 0.062302
