0 0.177964 0.199247 0.070156 0.065061
2 0.204298 0.133077 0.244153 0.116031
0 0.241854 0.188380 0.067708 0.056759
1 0.240297 0.220583 0.061490 0.085611
0 0.303187 0.278259 0.078375 0.080852
0 0.423187 0.284389 0.085042 0.081259
2 0.508745 0.200034 0.180156 0.170931
0 0.367078 0.343250 0.085260 0.097056
0 0.535187 0.375250 0.099708 0.101796
0 0.903854 0.330602 0.092604 0.104167
0 0.849187 0.361222 0.112146 0.133815
0 0.819854 0.272926 0.080604 0.082037
0 0.457964 0.424426 0.099927 0.113259
0 0.653297 0.475000 0.122594 0.125111
0 0.571854 0.564481 0.119271 0.145259
0 0.795406 0.657324 0.159708 0.169759
0 0.743302 0.213275 0.059042 0.074154
1 0.777964 0.411398 0.142156 0.148019
0 0.674411 0.233620 0.063490 0.076907
0 0.901630 0.897176 0.198823 0.209352
0 0.726411 0.923639 0.192823 0.156426
0 0.696188 0.172781 0.047938 0.072180
