3 0.207187 0.138206 0.139271 0.121550
0 0.280078 0.229074 0.065927 0.067037
0 0.194411 0.208926 0.063927 0.074148
2 0.403521 0.162308 0.222146 0.162643
0 0.395406 0.254944 0.079708 0.082444
1 0.304969 0.257324 0.065042 0.091130
0 0.952630 0.356870 0.096823 0.110889
0 0.937297 0.407444 0.127490 0.123519
0 0.375964 0.331981 0.088823 0.096667
0 0.564297 0.391056 0.110823 0.107333
0 0.836297 0.272722 0.084594 0.089556
0 0.732635 0.272528 0.067708 0.077907
2 0.731078 0.327444 0.262594 0.272481
0 0.468740 0.435296 0.101042 0.123926
0 0.737969 0.573769 0.141708 0.152759
0 0.763411 0.221769 0.061927 0.067426
0 0.652854 0.188583 0.057708 0.066648
0 0.716073 0.186997 0.054375 0.066635
0 0.670078 0.705130 0.145490 0.185556
0 0.923297 0.809417 0.155490 0.221907
