0 0.236073 0.216238 0.067708 0.072969
0 0.154411 0.193521 0.062156 0.070994
2 0.321073 0.145127 0.231042 0.144080
0 0.322745 0.215244 0.069927 0.067031
1 0.279964 0.241917 0.062156 0.088759
0 0.339406 0.303148 0.081042 0.088778
0 0.494969 0.335741 0.094375 0.094704
0 0.923854 0.332778 0.107708 0.108519
0 0.850521 0.371296 0.109938 0.110481
2 0.609406 0.247840 0.194375 0.207283
0 0.405521 0.372287 0.091042 0.104574
0 0.618297 0.448333 0.116594 0.122333
0 0.822187 0.274500 0.077708 0.090741
0 0.719969 0.256722 0.071042 0.102593
0 0.766630 0.233028 0.068823 0.082833
0 0.522745 0.487843 0.116594 0.130241
0 0.764964 0.586602 0.145490 0.153944
0 0.669406 0.735741 0.141042 0.183593
0 0.936630 0.890065 0.128823 0.223574
0 0.702745 0.170803 0.052156 0.065061
