0 0.226406 0.228685 0.065708 0.067037
0 0.244187 0.201620 0.076375 0.064278
2 0.299740 0.145910 0.184375 0.115624
0 0.283411 0.276287 0.071260 0.078500
0 0.378411 0.266611 0.079927 0.076519
0 0.370297 0.340685 0.081927 0.096667
0 0.484740 0.331787 0.090375 0.093907
0 0.481187 0.451102 0.105479 0.115241
0 0.615521 0.449324 0.111937 0.116426
0 0.887302 0.322907 0.093708 0.099037
1 0.502964 0.238361 0.085927 0.092722
0 0.877187 0.391843 0.115708 0.112870
0 0.719188 0.597861 0.121042 0.150389
0 0.565187 0.624139 0.126812 0.167389
0 0.798406 0.260287 0.071042 0.096278
0 0.741302 0.213669 0.055042 0.070994
2 0.644854 0.182460 0.126146 0.183191
0 0.840297 0.503444 0.144156 0.116407
0 0.916745 0.911787 0.168594 0.180130
