3 0.556635 0.295444 0.185708 0.235333
0 0.293635 0.239546 0.079708 0.090352
2 0.260854 0.150262 0.175042 0.136180
1 0.364630 0.297815 0.093260 0.119185
0 0.912188 0.322111 0.081271 0.088778
0 0.604187 0.479741 0.129708 0.128259
1 0.413521 0.219398 0.080375 0.092722
0 0.429854 0.433519 0.097042 0.121963
0 0.815745 0.268185 0.086594 0.093889
0 0.772969 0.313417 0.079708 0.098241
0 0.667073 0.267194 0.076375 0.091130
2 0.846745 0.431537 0.308594 0.381111
0 0.678188 0.221173 0.069708 0.075728
0 0.870411 0.716185 0.183927 0.208481
1 0.645635 0.709861 0.142375 0.241648
0 0.737187 0.214657 0.065937 0.071389
0 0.688073 0.164284 0.051708 0.061506
0 0.631964 0.172386 0.051927 0.065857
