0 0.184964 0.246852 0.072156 0.063074
0 0.165521 0.222157 0.075479 0.057167
0 0.271635 0.241907 0.067708 0.061111
0 0.274411 0.289315 0.066594 0.072963
2 0.967745 0.469074 0.066594 0.238889
0 0.248297 0.212278 0.072156 0.049259
0 0.409964 0.302157 0.075490 0.074944
0 0.349969 0.350556 0.077708 0.088778
1 0.853854 0.388093 0.118813 0.144074
2 0.721630 0.261667 0.152156 0.191481
0 0.576635 0.493759 0.111042 0.114444
0 0.834969 0.309074 0.081042 0.084815
0 0.637188 0.683389 0.169937 0.185556
0 0.637188 0.208336 0.045479 0.065069
