0 0.152630 0.206954 0.065260 0.065463
0 0.168745 0.181864 0.074823 0.054791
0 0.232406 0.240926 0.067042 0.072556
0 0.268740 0.206756 0.069042 0.063487
0 0.324745 0.300972 0.076594 0.082056
0 0.382630 0.268583 0.075490 0.072574
1 0.228188 0.159942 0.082146 0.067043
0 0.476411 0.330213 0.089260 0.089944
0 0.397188 0.379787 0.092146 0.102204
2 0.823521 0.333963 0.278146 0.317111
0 0.484964 0.254167 0.072594 0.063481
0 0.616187 0.475000 0.111042 0.119593
0 0.711406 0.641713 0.173042 0.163833
1 0.664964 0.220185 0.059260 0.094296
