0 0.164411 0.209318 0.066594 0.067031
0 0.192188 0.185614 0.062146 0.055180
0 0.243297 0.247833 0.068823 0.072963
0 0.284411 0.215250 0.073260 0.063093
0 0.333854 0.311046 0.076604 0.080870
0 0.397740 0.276481 0.077708 0.074926
1 0.247745 0.161910 0.088823 0.067031
0 0.493854 0.341667 0.092146 0.090741
0 0.407188 0.392037 0.094375 0.108519
0 0.929411 0.353519 0.049927 0.074926
2 0.800521 0.317960 0.256604 0.300117
0 0.504411 0.266602 0.075490 0.063093
0 0.640521 0.506611 0.116604 0.132222
0 0.787187 0.705130 0.181042 0.185556
1 0.654406 0.211296 0.057708 0.090741
