1 0.144964 0.190951 0.069927 0.072172
0 0.239745 0.236778 0.066156 0.066630
0 0.277073 0.210308 0.073708 0.064272
2 0.338521 0.153818 0.182812 0.124328
0 0.299411 0.286361 0.072156 0.082056
0 0.405521 0.282019 0.081708 0.078889
0 0.971187 0.395981 0.059708 0.108519
0 0.391302 0.359250 0.087042 0.097463
0 0.517078 0.353519 0.095927 0.096259
0 0.499302 0.468481 0.108375 0.120778
0 0.646187 0.477574 0.117271 0.121556
0 0.853969 0.298602 0.084375 0.091537
1 0.540297 0.257519 0.089927 0.101000
0 0.831630 0.360426 0.104156 0.108519
0 0.745854 0.645278 0.134375 0.163037
0 0.580187 0.653370 0.133271 0.176852
0 0.776297 0.239741 0.063260 0.086778
0 0.725854 0.201225 0.053042 0.067439
2 0.629635 0.166062 0.113042 0.174098
0 0.926078 0.571204 0.149927 0.133407
0 0.935078 0.943991 0.131927 0.115722
