3 0.263630 0.152034 0.141927 0.136561
0 0.309521 0.241907 0.074604 0.070593
0 0.215854 0.219201 0.066375 0.074154
2 0.452854 0.178901 0.223937 0.181606
0 0.445745 0.292481 0.088823 0.090333
1 0.328411 0.279250 0.071490 0.101796
0 0.906745 0.315204 0.098823 0.095481
0 0.836302 0.334046 0.082500 0.085537
0 0.409630 0.365176 0.095260 0.104574
0 0.629078 0.452278 0.124823 0.121556
0 0.794521 0.240731 0.078375 0.076907
0 0.686188 0.229861 0.060813 0.070981
2 0.840078 0.400926 0.321927 0.339630
0 0.542297 0.529120 0.113927 0.142500
0 0.836521 0.695639 0.173042 0.184759
0 0.733187 0.200831 0.058375 0.070598
0 0.627187 0.170206 0.053479 0.076513
0 0.695297 0.169219 0.050594 0.066635
0 0.805745 0.928778 0.179927 0.146148
