0 0.155302 0.187984 0.068375 0.067031
3 0.608964 0.334556 0.198823 0.251148
0 0.341188 0.272139 0.085042 0.108130
2 0.317406 0.163494 0.181042 0.141309
0 0.959854 0.363787 0.082375 0.101796
1 0.414411 0.341667 0.103490 0.138148
0 0.863073 0.294454 0.088375 0.091130
0 0.677521 0.544528 0.144375 0.149611
1 0.492521 0.248435 0.086813 0.101796
0 0.500964 0.527741 0.116156 0.147630
0 0.772078 0.236583 0.081490 0.082056
0 0.703854 0.273120 0.077479 0.121944
0 0.620188 0.251389 0.066604 0.091926
2 0.880964 0.450898 0.240156 0.356611
0 0.654521 0.199442 0.061937 0.067820
0 0.931630 0.850898 0.138823 0.262204
1 0.754188 0.875046 0.175937 0.253611
0 0.703745 0.192528 0.059927 0.072167
