3 0.451411 0.230657 0.160156 0.183981
0 0.200854 0.196287 0.073271 0.082056
1 0.266964 0.233818 0.083260 0.099439
0 0.466521 0.358463 0.099708 0.096667
1 0.287187 0.172975 0.068604 0.074939
0 0.333745 0.323685 0.079490 0.096667
0 0.914854 0.333565 0.096375 0.104574
0 0.882630 0.395593 0.088823 0.109296
2 0.751854 0.348775 0.366812 0.342783
0 0.792302 0.329028 0.082375 0.094685
0 0.687302 0.511935 0.140375 0.136574
1 0.492188 0.465917 0.099042 0.159093
0 0.813854 0.267787 0.083271 0.079685
0 0.750630 0.216435 0.070594 0.070204
0 0.681745 0.215250 0.063490 0.067833
0 0.691302 0.765759 0.163042 0.217556
