3 0.427630 0.220972 0.153490 0.169352
0 0.182745 0.187395 0.073927 0.076913
1 0.246411 0.221370 0.079490 0.096667
0 0.440964 0.337917 0.093490 0.091130
1 0.262745 0.168037 0.067260 0.072963
0 0.319854 0.305917 0.073938 0.095870
0 0.938854 0.346407 0.124375 0.109704
0 0.932297 0.416528 0.137490 0.136167
2 0.710521 0.322312 0.336604 0.311191
0 0.812745 0.345815 0.088156 0.105370
0 0.646630 0.471648 0.131927 0.131037
1 0.464745 0.432731 0.092594 0.152759
0 0.834630 0.282806 0.087927 0.082056
0 0.763854 0.222759 0.073938 0.067037
0 0.691969 0.221370 0.065708 0.068222
0 0.642745 0.678648 0.148594 0.180815
0 0.956078 0.894009 0.089927 0.215685
0 0.697969 0.178701 0.056375 0.071376
0 0.625854 0.165275 0.044146 0.058746
