3 0.568297 0.303151 0.185490 0.242846
0 0.304411 0.247843 0.082156 0.092722
2 0.273854 0.153028 0.176604 0.140130
1 0.376630 0.307102 0.095490 0.116426
0 0.898302 0.313019 0.081042 0.084815
0 0.621630 0.493769 0.129927 0.134204
1 0.431630 0.224136 0.083260 0.088765
0 0.446073 0.455250 0.101042 0.124315
0 0.806078 0.260676 0.085490 0.094685
0 0.751078 0.301176 0.073260 0.112463
0 0.654969 0.261667 0.081042 0.096667
2 0.853854 0.436481 0.294375 0.379148
0 0.672740 0.218210 0.067708 0.076913
0 0.894964 0.750556 0.183260 0.225074
1 0.670521 0.754509 0.154375 0.252722
0 0.727740 0.209324 0.064375 0.074944
