0 0.191188 0.212679 0.068146 0.064272
0 0.161521 0.185021 0.078604 0.056365
2 0.224969 0.135442 0.191708 0.108117
0 0.250854 0.253769 0.067937 0.076130
0 0.324635 0.236185 0.071042 0.068630
0 0.327297 0.306509 0.077260 0.084426
0 0.427411 0.291491 0.081927 0.080463
0 0.435745 0.403500 0.095490 0.103778
0 0.546740 0.385519 0.101042 0.099444
0 0.956078 0.366759 0.089927 0.096667
1 0.433854 0.206954 0.084146 0.084426
0 0.953521 0.460380 0.095042 0.130648
0 0.665078 0.515102 0.110156 0.131833
0 0.534635 0.566648 0.119042 0.153556
0 0.852411 0.298407 0.079490 0.105370
0 0.784078 0.243889 0.056594 0.076111
2 0.679745 0.216040 0.159927 0.206106
0 0.705297 0.405667 0.111927 0.093111
0 0.859521 0.815148 0.175479 0.213593
