0 0.201635 0.215642 0.067708 0.063087
0 0.189969 0.187988 0.079042 0.052024
2 0.247187 0.138210 0.190375 0.106543
0 0.261078 0.259694 0.068823 0.076130
0 0.340188 0.245667 0.074146 0.067815
0 0.339073 0.311250 0.077708 0.087574
0 0.443188 0.301769 0.084604 0.089944
0 0.451521 0.417713 0.096375 0.105352
0 0.568188 0.405269 0.103938 0.103389
0 0.944188 0.353519 0.113708 0.098630
1 0.454630 0.215244 0.083927 0.085994
0 0.939187 0.441019 0.123708 0.127481
0 0.682745 0.541759 0.115260 0.139333
0 0.546297 0.587000 0.125490 0.156333
0 0.834406 0.286352 0.076375 0.104963
0 0.770745 0.235787 0.056594 0.074944
2 0.668187 0.204979 0.147479 0.195043
0 0.739740 0.430954 0.119042 0.099426
0 0.882406 0.856037 0.184375 0.230593
