0 0.143521 0.196086 0.073708 0.061902
0 0.192521 0.183250 0.065479 0.055981
1 0.218521 0.209716 0.062812 0.079680
0 0.280411 0.263444 0.074156 0.078111
0 0.375630 0.256722 0.080594 0.076519
2 0.455406 0.181275 0.175708 0.157117
0 0.349187 0.327833 0.081042 0.095481
0 0.494969 0.345426 0.093042 0.096667
0 0.959964 0.371500 0.082156 0.108519
0 0.940078 0.435500 0.121927 0.160667
0 0.857745 0.305713 0.091927 0.097056
0 0.438854 0.408435 0.097271 0.111278
0 0.612964 0.436685 0.114823 0.118000
0 0.543969 0.525565 0.115042 0.137759
0 0.738854 0.587991 0.142604 0.150389
0 0.768521 0.234602 0.065937 0.077315
1 0.679854 0.348778 0.121042 0.130259
0 0.711406 0.266806 0.073042 0.086389
0 0.839302 0.810213 0.177708 0.219537
0 0.647630 0.812972 0.171260 0.236130
0 0.715630 0.190553 0.049927 0.071376
