1 0.163521 0.193713 0.067479 0.074537
0 0.246854 0.240731 0.069708 0.069796
0 0.295411 0.216824 0.071260 0.061500
2 0.361073 0.155984 0.180375 0.128661
0 0.309745 0.295241 0.075490 0.087185
0 0.421854 0.293278 0.085042 0.082444
0 0.957964 0.382750 0.086156 0.113648
0 0.402302 0.370315 0.089042 0.099037
0 0.536073 0.369907 0.099708 0.101407
0 0.509302 0.478157 0.109708 0.121167
0 0.662854 0.494157 0.120375 0.127093
0 0.834740 0.286750 0.081042 0.093907
1 0.563745 0.269565 0.091490 0.105352
0 0.806078 0.339685 0.095260 0.102593
0 0.761630 0.670944 0.140156 0.170148
0 0.588740 0.673120 0.134375 0.181611
0 0.765188 0.230657 0.061479 0.086796
0 0.715411 0.192926 0.048594 0.065852
2 0.622521 0.156382 0.105938 0.162643
0 0.957630 0.615046 0.086823 0.125500
