3 0.543521 0.289521 0.181708 0.225069
0 0.282297 0.232435 0.079260 0.090352
2 0.246630 0.146306 0.173260 0.136167
1 0.352630 0.289917 0.093260 0.116019
0 0.923078 0.328824 0.080823 0.086389
0 0.585964 0.462361 0.126156 0.126685
1 0.395297 0.212676 0.081260 0.088759
0 0.416073 0.416528 0.094375 0.121167
0 0.828411 0.276093 0.088823 0.090741
0 0.794964 0.321722 0.081927 0.099037
0 0.675521 0.276287 0.083479 0.085611
2 0.839630 0.425611 0.322823 0.392963
0 0.684188 0.229472 0.068375 0.078093
0 0.845964 0.682213 0.179490 0.195833
1 0.622521 0.668778 0.135271 0.224259
0 0.744745 0.221370 0.068594 0.072185
0 0.695854 0.171003 0.054813 0.063883
0 0.638411 0.179491 0.055927 0.067426
