1 0.169187 0.194306 0.066812 0.073352
0 0.249188 0.243102 0.069042 0.072167
0 0.301745 0.218602 0.071927 0.062685
2 0.369406 0.158947 0.178375 0.129846
0 0.312411 0.298204 0.075490 0.088370
0 0.427521 0.296241 0.087042 0.081259
0 0.953630 0.378602 0.094823 0.117204
0 0.405969 0.373278 0.089708 0.100222
0 0.542740 0.374648 0.102375 0.103778
0 0.512302 0.481713 0.109042 0.123537
0 0.668187 0.501269 0.121708 0.129463
0 0.829073 0.282009 0.077708 0.091537
1 0.571745 0.275491 0.092823 0.107722
0 0.797745 0.333759 0.094594 0.102593
0 0.766630 0.681019 0.140823 0.171333
0 0.591740 0.677861 0.137708 0.181611
0 0.760854 0.229472 0.059479 0.086796
0 0.713411 0.191148 0.044594 0.062296
2 0.620188 0.154605 0.103938 0.159087
0 0.968964 0.623343 0.064156 0.111278
