0 0.167078 0.209318 0.063927 0.064661
0 0.197521 0.186206 0.063479 0.058735
0 0.246630 0.250204 0.068823 0.072963
0 0.291078 0.217620 0.073260 0.065463
0 0.337521 0.312824 0.077271 0.086796
0 0.402073 0.280630 0.079708 0.076111
1 0.256078 0.161910 0.086823 0.067031
0 0.499854 0.345815 0.092146 0.091926
0 0.411854 0.397963 0.095708 0.108519
0 0.914411 0.343444 0.065260 0.085593
2 0.791521 0.312034 0.251938 0.295376
0 0.510411 0.269565 0.076823 0.066648
0 0.649521 0.517870 0.117271 0.135778
0 0.811188 0.730019 0.185042 0.192667
1 0.649073 0.208926 0.053708 0.090741
