3 0.269078 0.154806 0.140823 0.134204
0 0.313630 0.243500 0.076156 0.070593
0 0.218297 0.221769 0.065927 0.076130
2 0.458630 0.180676 0.223927 0.183574
0 0.450521 0.295833 0.089479 0.093111
1 0.330964 0.280630 0.070823 0.103000
0 0.900630 0.313028 0.099927 0.095093
0 0.825964 0.326852 0.081260 0.084037
0 0.413078 0.369907 0.096823 0.106148
0 0.637078 0.460778 0.127490 0.123519
0 0.790188 0.239148 0.078604 0.076926
0 0.683745 0.228481 0.059927 0.072963
2 0.844630 0.411593 0.312823 0.349111
0 0.551745 0.540972 0.115490 0.145648
0 0.848187 0.711046 0.175042 0.191870
0 0.730740 0.198256 0.058375 0.070191
0 0.625297 0.167645 0.051927 0.075339
0 0.692745 0.168231 0.050823 0.068611
0 0.815302 0.945370 0.169708 0.112963
