3 0.549969 0.293074 0.183042 0.230593
0 0.287969 0.235398 0.079042 0.089167
2 0.253521 0.147892 0.173708 0.136180
1 0.358630 0.293667 0.093260 0.115630
0 0.917188 0.325667 0.081937 0.088778
0 0.595187 0.470259 0.129042 0.128259
1 0.404187 0.217028 0.081708 0.092722
0 0.422854 0.424630 0.095042 0.120778
0 0.823078 0.272926 0.086594 0.091519
0 0.785302 0.317565 0.079042 0.097056
0 0.670073 0.271935 0.082375 0.086389
2 0.843745 0.425611 0.314594 0.381111
0 0.681187 0.227102 0.069042 0.078093
0 0.858411 0.699000 0.182594 0.200185
1 0.634302 0.688528 0.139708 0.232167
0 0.740521 0.218806 0.067271 0.072574
0 0.692406 0.168432 0.053708 0.062691
0 0.634630 0.177127 0.054594 0.068228
