0 0.176073 0.250806 0.067708 0.063093
0 0.169411 0.222157 0.076594 0.053204
0 0.270521 0.290306 0.067708 0.070981
0 0.298297 0.256731 0.069927 0.063093
0 0.387187 0.296231 0.074375 0.074944
0 0.346073 0.351546 0.081042 0.086796
2 0.886078 0.417722 0.229927 0.321852
0 0.379411 0.238944 0.069927 0.055185
0 0.514411 0.386111 0.088823 0.100630
0 0.449969 0.444380 0.097708 0.106537
1 0.741630 0.302167 0.083260 0.114444
2 0.646073 0.201417 0.101042 0.153944
0 0.929411 0.880185 0.143260 0.243333
0 0.703854 0.214259 0.043271 0.061111
