3 0.236964 0.143942 0.136594 0.127487
0 0.291406 0.233222 0.067708 0.066630
0 0.206187 0.213074 0.064812 0.077704
2 0.427078 0.169620 0.221260 0.170944
0 0.421411 0.271546 0.085490 0.083241
1 0.316188 0.267000 0.068375 0.098630
0 0.941521 0.334944 0.119042 0.109704
0 0.887964 0.370028 0.088698 0.093167
0 0.392073 0.346213 0.087708 0.100611
0 0.593521 0.418898 0.116375 0.114056
0 0.815521 0.253565 0.083479 0.082833
0 0.704302 0.242898 0.059375 0.070500
2 0.783406 0.359046 0.290375 0.300907
0 0.501630 0.471639 0.108156 0.130241
0 0.782745 0.627694 0.157490 0.170537
0 0.747854 0.207938 0.058813 0.066643
0 0.637854 0.179886 0.055271 0.078487
0 0.705297 0.176923 0.051490 0.067820
0 0.734854 0.826407 0.168813 0.225852
0 0.958411 0.899546 0.085260 0.204611
