0 0.124297 0.193318 0.073927 0.061106
0 0.197964 0.222750 0.063927 0.072574
0 0.246854 0.202009 0.063042 0.062685
0 0.271740 0.266019 0.072375 0.077704
0 0.344635 0.240731 0.073708 0.071389
0 0.367630 0.339889 0.082823 0.092704
0 0.447745 0.311639 0.086156 0.082833
1 0.321078 0.171991 0.083927 0.076130
0 0.553854 0.391046 0.096604 0.104167
0 0.454630 0.447148 0.103927 0.119963
0 0.952854 0.372870 0.096375 0.135778
0 0.859964 0.301769 0.063927 0.093907
2 0.746630 0.273318 0.214594 0.259031
0 0.568630 0.307491 0.086156 0.071389
0 0.722297 0.613269 0.134823 0.161463
0 0.939521 0.905472 0.123042 0.192759
1 0.627521 0.185417 0.047938 0.084019
