0 0.153521 0.179299 0.059042 0.054402
1 0.195521 0.202213 0.063938 0.074944
0 0.262745 0.251593 0.069927 0.072556
0 0.335078 0.235000 0.073260 0.070185
2 0.408969 0.169620 0.179708 0.140130
0 0.330745 0.313815 0.078823 0.092704
0 0.457406 0.317176 0.087708 0.089944
0 0.908188 0.341074 0.105271 0.110111
0 0.422411 0.392630 0.094156 0.104963
0 0.577964 0.406065 0.107490 0.113648
0 0.526297 0.502065 0.110823 0.127870
0 0.698964 0.538806 0.129927 0.138944
0 0.797969 0.258306 0.071042 0.089167
1 0.617188 0.305519 0.101479 0.114852
0 0.753411 0.300583 0.084594 0.089944
0 0.796521 0.735546 0.157479 0.189500
0 0.609740 0.726657 0.148375 0.201759
0 0.738521 0.210898 0.056146 0.078093
0 0.697187 0.178503 0.045042 0.062291
