0 0.171302 0.178306 0.061708 0.053204
1 0.205297 0.203988 0.062156 0.079283
0 0.269297 0.254556 0.071927 0.072963
0 0.351964 0.243889 0.075490 0.075333
2 0.428964 0.174157 0.177490 0.146833
0 0.339302 0.320537 0.079042 0.094296
0 0.472521 0.328037 0.090375 0.089556
0 0.978745 0.383537 0.044594 0.083630
0 0.965630 0.460583 0.070823 0.143685
0 0.884630 0.324481 0.098594 0.102185
0 0.429297 0.400926 0.094594 0.112852
0 0.592854 0.418907 0.107042 0.115630
0 0.533188 0.512537 0.113479 0.134593
0 0.715635 0.559741 0.133042 0.143667
0 0.784187 0.247444 0.068812 0.085593
1 0.640521 0.322111 0.108146 0.122741
0 0.733411 0.284972 0.076156 0.090352
0 0.812745 0.764972 0.165490 0.204907
0 0.623188 0.758065 0.155271 0.217167
0 0.727854 0.201620 0.055271 0.080870
