0 0.212188 0.261667 0.068812 0.065074
0 0.204969 0.230065 0.074375 0.053204
0 0.301630 0.257722 0.069927 0.061111
0 0.293302 0.307102 0.071042 0.076907
2 0.944411 0.456231 0.113260 0.260611
0 0.282187 0.219194 0.075479 0.051241
0 0.437745 0.323889 0.075490 0.082852
0 0.373297 0.372287 0.082156 0.088759
1 0.826073 0.369315 0.107708 0.138148
2 0.698854 0.247843 0.142146 0.175685
0 0.644411 0.563889 0.135490 0.140111
0 0.796635 0.280426 0.064375 0.078889
0 0.732187 0.798954 0.208813 0.223093
0 0.626630 0.199447 0.042156 0.059143
