0 0.248854 0.223741 0.064812 0.072185
0 0.165078 0.195491 0.059927 0.070981
2 0.342078 0.150456 0.228156 0.150791
0 0.340521 0.227296 0.071708 0.072185
1 0.286078 0.246657 0.062823 0.091130
0 0.346188 0.309861 0.082146 0.087981
0 0.510302 0.348380 0.097042 0.097056
0 0.893854 0.315194 0.102375 0.101019
0 0.812521 0.340676 0.096604 0.102981
2 0.632411 0.263836 0.206594 0.225846
0 0.415964 0.384139 0.091927 0.109315
0 0.644854 0.475593 0.119938 0.127074
0 0.807521 0.261074 0.072813 0.082852
0 0.696302 0.231648 0.065042 0.082444
0 0.751078 0.221766 0.063490 0.076913
0 0.552297 0.524574 0.117927 0.133407
0 0.800188 0.629667 0.153271 0.161074
0 0.707854 0.831741 0.161479 0.222296
0 0.964187 0.929176 0.073708 0.145352
