0 0.163297 0.197466 0.073260 0.067031
2 0.169967 0.132287 0.251045 0.110500
0 0.221078 0.183645 0.066594 0.055191
1 0.229964 0.217225 0.062156 0.082846
0 0.291078 0.272528 0.073260 0.082833
0 0.398854 0.273519 0.084375 0.080852
2 0.483297 0.190553 0.179927 0.163820
0 0.358297 0.338704 0.085490 0.100630
0 0.513854 0.363398 0.094375 0.098648
0 0.936078 0.351546 0.098823 0.110500
0 0.896078 0.398954 0.125490 0.146056
0 0.837188 0.292287 0.087708 0.094685
0 0.447740 0.414750 0.097708 0.106537
0 0.632188 0.457222 0.117708 0.120370
0 0.556078 0.544130 0.118823 0.132222
0 0.764964 0.622167 0.152156 0.161852
0 0.754411 0.225120 0.062156 0.074944
1 0.723297 0.377222 0.128823 0.138148
0 0.690521 0.248833 0.065479 0.078889
0 0.870521 0.866111 0.192146 0.238889
0 0.685521 0.881176 0.193271 0.241352
0 0.704406 0.181669 0.051042 0.070994
