3 0.202188 0.138206 0.139937 0.114439
0 0.277745 0.229074 0.066594 0.067037
0 0.192745 0.208333 0.063260 0.072963
2 0.398854 0.162901 0.222146 0.163828
0 0.391073 0.250796 0.077708 0.078889
1 0.303302 0.256731 0.064375 0.094685
0 0.954964 0.360426 0.092156 0.108519
0 0.941630 0.415741 0.118823 0.128259
0 0.373297 0.330796 0.088823 0.096667
0 0.559964 0.388093 0.108823 0.108519
0 0.839964 0.274500 0.086594 0.090741
0 0.738302 0.278454 0.069375 0.079389
2 0.721078 0.320926 0.253260 0.266556
0 0.462740 0.430556 0.101042 0.126296
0 0.729969 0.564880 0.137708 0.153944
0 0.766078 0.227102 0.063260 0.070981
0 0.657187 0.194509 0.054375 0.069019
0 0.719406 0.190553 0.054375 0.069006
0 0.657745 0.684389 0.142156 0.179630
0 0.916630 0.788083 0.168823 0.217167
