3 0.319187 0.170803 0.141479 0.145654
1 0.158630 0.176336 0.078594 0.079291
0 0.349188 0.262463 0.077937 0.072963
0 0.246188 0.240130 0.065708 0.078889
2 0.526745 0.214065 0.233927 0.217167
0 0.912073 0.391250 0.111708 0.106944
0 0.496635 0.330407 0.095042 0.096667
1 0.361521 0.312833 0.075938 0.114444
0 0.948745 0.344231 0.104594 0.098241
0 0.846854 0.280824 0.096375 0.089944
0 0.748411 0.269565 0.079490 0.086389
0 0.461854 0.420870 0.105042 0.118000
0 0.735854 0.558556 0.150812 0.155519
0 0.754745 0.218213 0.069927 0.078500
0 0.661854 0.206947 0.053937 0.074143
2 0.898521 0.469870 0.205042 0.338444
0 0.660411 0.724880 0.147490 0.196611
0 0.941297 0.888481 0.119490 0.226741
0 0.703740 0.177914 0.051042 0.072172
