0 0.174302 0.198651 0.069042 0.064661
2 0.195854 0.132479 0.246375 0.114043
0 0.237302 0.188386 0.067042 0.057561
1 0.237188 0.219794 0.061042 0.084820
0 0.300630 0.276880 0.078594 0.080463
0 0.417521 0.281222 0.085271 0.078889
2 0.502854 0.197669 0.178146 0.166994
0 0.364854 0.341269 0.086146 0.098648
0 0.529964 0.372083 0.098594 0.101796
0 0.911964 0.335741 0.092823 0.103370
0 0.860745 0.371491 0.113927 0.140907
0 0.824187 0.278454 0.082146 0.085204
0 0.455630 0.421074 0.100156 0.111296
0 0.648297 0.471648 0.121490 0.123926
0 0.567969 0.559148 0.119042 0.144852
0 0.786745 0.646852 0.156156 0.164630
0 0.746188 0.216034 0.060375 0.074931
1 0.764078 0.403296 0.139260 0.146852
0 0.678078 0.237370 0.064594 0.078111
0 0.898078 0.890065 0.205927 0.223574
0 0.717969 0.910213 0.196375 0.183278
0 0.699187 0.175345 0.049042 0.072569
