3 0.328964 0.171988 0.137927 0.148024
1 0.167521 0.179892 0.078604 0.081661
0 0.357635 0.267593 0.079708 0.072185
0 0.253521 0.246852 0.067042 0.081259
2 0.541411 0.219595 0.239260 0.220328
0 0.871854 0.363593 0.100604 0.102185
0 0.507521 0.340676 0.099042 0.099833
1 0.370188 0.318750 0.079042 0.115241
0 0.923854 0.334361 0.093042 0.092722
0 0.837964 0.276093 0.094594 0.093111
0 0.739745 0.262056 0.077260 0.087185
0 0.474302 0.434315 0.107708 0.118000
0 0.761635 0.584630 0.157042 0.157111
0 0.747411 0.213074 0.068594 0.077704
0 0.657187 0.204185 0.052604 0.071778
2 0.909187 0.479741 0.183708 0.329741
0 0.687297 0.773074 0.155927 0.212407
0 0.956188 0.909417 0.089708 0.184870
0 0.700187 0.173565 0.051042 0.069796
