0 0.184964 0.200432 0.070823 0.065061
2 0.220632 0.132484 0.240820 0.119587
0 0.250521 0.190157 0.071708 0.060315
1 0.246297 0.222361 0.060156 0.086796
0 0.308854 0.281815 0.077708 0.080852
0 0.433188 0.291500 0.085042 0.086000
2 0.520745 0.204775 0.178823 0.175672
0 0.371745 0.346213 0.085260 0.095870
0 0.544521 0.382954 0.102375 0.105352
0 0.888854 0.321713 0.090604 0.102981
0 0.826521 0.341074 0.106813 0.119593
0 0.811188 0.267593 0.079271 0.080852
0 0.462630 0.429167 0.102594 0.113259
0 0.664964 0.484481 0.124594 0.125111
0 0.580854 0.575148 0.122604 0.145259
0 0.813406 0.680435 0.167708 0.173315
0 0.738302 0.206756 0.055708 0.070598
1 0.807297 0.432139 0.150156 0.153944
0 0.666745 0.225324 0.061490 0.074537
0 0.909630 0.911398 0.182823 0.180907
0 0.743411 0.953861 0.174823 0.095981
0 0.690854 0.168632 0.046604 0.068624
