3 0.161410 0.135053 0.149930 0.123931
0 0.263078 0.225907 0.062594 0.069407
0 0.179187 0.203201 0.060604 0.072969
2 0.368964 0.156581 0.226823 0.159876
0 0.360188 0.236583 0.077708 0.074944
1 0.294187 0.250407 0.063479 0.090741
0 0.978297 0.383935 0.045490 0.087574
0 0.356187 0.318167 0.084812 0.091926
0 0.530411 0.366157 0.100823 0.099426
0 0.865969 0.296630 0.095042 0.098630
0 0.774635 0.311046 0.077708 0.090352
2 0.669854 0.287145 0.223271 0.243228
0 0.435411 0.401713 0.095260 0.115241
0 0.682302 0.510954 0.129042 0.137759
0 0.787745 0.249620 0.067490 0.085204
0 0.677188 0.206553 0.056146 0.065450
0 0.734854 0.208139 0.057271 0.070204
0 0.595187 0.586611 0.127708 0.147630
0 0.853078 0.690898 0.169260 0.176870
0 0.766302 0.928972 0.167708 0.145759
