0 0.165187 0.178706 0.059708 0.053217
1 0.202854 0.203398 0.062604 0.077315
0 0.266745 0.253370 0.072594 0.073741
0 0.346411 0.240926 0.074594 0.072556
2 0.422635 0.172583 0.177708 0.143685
0 0.336078 0.317963 0.078823 0.093889
0 0.467406 0.324880 0.089042 0.091130
0 0.973078 0.467102 0.055927 0.131426
0 0.892521 0.329815 0.100604 0.104185
0 0.426745 0.398556 0.094823 0.109704
0 0.587964 0.414954 0.107490 0.117204
0 0.530630 0.509176 0.112823 0.132611
0 0.710297 0.552435 0.131260 0.142500
0 0.788635 0.251194 0.069708 0.086796
1 0.632854 0.316778 0.104813 0.120778
0 0.739745 0.289917 0.078594 0.089944
0 0.807521 0.755102 0.163479 0.200167
0 0.618740 0.747991 0.153042 0.213611
0 0.731521 0.205565 0.055479 0.079278
0 0.692187 0.173169 0.045708 0.061106
