0 0.209521 0.205373 0.068375 0.063883
2 0.274521 0.135639 0.235271 0.129056
0 0.287078 0.201812 0.072823 0.065450
1 0.263630 0.228676 0.061490 0.082833
0 0.324854 0.291694 0.077708 0.085611
0 0.467302 0.315000 0.088375 0.091148
0 0.963188 0.371296 0.075708 0.113667
0 0.934745 0.426611 0.132594 0.116815
2 0.564521 0.223741 0.183271 0.189111
0 0.387854 0.358065 0.088604 0.104574
0 0.580078 0.411000 0.108594 0.110111
0 0.850854 0.292481 0.083479 0.093519
0 0.763297 0.295046 0.090156 0.112870
0 0.785969 0.249815 0.073708 0.086407
0 0.485969 0.447935 0.107042 0.120759
0 0.709635 0.527148 0.133042 0.140926
0 0.618411 0.632824 0.129260 0.160278
0 0.886630 0.776824 0.191490 0.208870
0 0.720521 0.190160 0.055708 0.071383
1 0.924630 0.525759 0.152823 0.187926
0 0.652521 0.204778 0.047271 0.072963
