0 0.188406 0.200824 0.069708 0.065056
2 0.228188 0.132479 0.239937 0.121154
0 0.255521 0.192136 0.072375 0.062691
1 0.248854 0.223151 0.059042 0.085217
0 0.311745 0.283981 0.078156 0.081259
0 0.437630 0.295056 0.085927 0.086000
0 0.971297 0.475991 0.059490 0.098648
2 0.526969 0.207544 0.177042 0.176469
0 0.374073 0.347389 0.086375 0.096667
0 0.548630 0.387694 0.103490 0.107722
0 0.882188 0.317370 0.088813 0.100630
0 0.816187 0.332972 0.102604 0.116019
0 0.806964 0.266009 0.077927 0.080870
0 0.465521 0.430556 0.103938 0.113667
0 0.671073 0.490019 0.125708 0.125111
0 0.585630 0.581074 0.124594 0.146852
0 0.822630 0.692676 0.170594 0.173315
0 0.736078 0.203590 0.054823 0.069006
1 0.823411 0.444583 0.154823 0.159093
0 0.662854 0.221173 0.059937 0.073357
0 0.914411 0.919102 0.173260 0.165500
