3 0.288854 0.159935 0.139042 0.144463
0 0.328964 0.251787 0.076156 0.074537
0 0.228521 0.228093 0.067271 0.077704
2 0.483630 0.191145 0.222823 0.195820
0 0.467521 0.310259 0.092812 0.095889
1 0.341745 0.293463 0.071490 0.109704
0 0.877411 0.299000 0.098823 0.090741
0 0.784635 0.298074 0.076313 0.077926
0 0.430411 0.387102 0.098594 0.111278
0 0.672078 0.493963 0.134823 0.135370
0 0.775297 0.232037 0.075490 0.079296
0 0.673630 0.220380 0.059260 0.075722
2 0.864964 0.450111 0.272156 0.382704
0 0.590969 0.603787 0.125042 0.166981
0 0.903187 0.782556 0.195708 0.221889
0 0.719521 0.191938 0.054604 0.070198
