1 0.174635 0.195299 0.065708 0.074550
0 0.251740 0.244287 0.069708 0.072167
0 0.307188 0.220778 0.073479 0.064667
2 0.375964 0.160333 0.178156 0.131037
0 0.316187 0.300380 0.075938 0.087981
0 0.432521 0.298796 0.087708 0.082444
0 0.949297 0.371685 0.103490 0.116815
0 0.409630 0.377417 0.089490 0.102204
0 0.549188 0.379787 0.102813 0.105352
0 0.514854 0.484870 0.110146 0.125111
0 0.673521 0.506806 0.123042 0.130241
0 0.823854 0.278056 0.077042 0.090741
1 0.579521 0.280630 0.095479 0.108519
0 0.789854 0.328630 0.092146 0.101000
0 0.771630 0.689519 0.143260 0.174111
0 0.594745 0.686167 0.139260 0.185556
0 0.756297 0.225917 0.058823 0.086796
0 0.710964 0.189368 0.045927 0.061894
2 0.617854 0.152040 0.101042 0.158698
