0 0.196302 0.252185 0.070375 0.060333
0 0.182630 0.224731 0.077260 0.055981
0 0.284411 0.245861 0.067927 0.061907
0 0.283297 0.293074 0.068823 0.072556
2 0.958078 0.457222 0.085927 0.250741
0 0.261297 0.214056 0.073260 0.045704
0 0.420854 0.307685 0.075479 0.078889
0 0.359854 0.357861 0.079271 0.085204
1 0.843630 0.378009 0.114823 0.142093
2 0.713187 0.252581 0.147708 0.185950
0 0.602078 0.516481 0.117490 0.124333
0 0.818302 0.296426 0.074375 0.080074
0 0.673630 0.723296 0.185490 0.205296
0 0.630969 0.203398 0.045042 0.067833
