0 0.195521 0.213271 0.068812 0.063087
0 0.170521 0.185614 0.076604 0.055180
2 0.233302 0.134256 0.191042 0.110487
0 0.253854 0.256731 0.069937 0.074944
0 0.329969 0.240926 0.071042 0.071000
0 0.331630 0.310065 0.076594 0.086796
0 0.432745 0.296231 0.083260 0.082833
0 0.441078 0.408833 0.095490 0.102593
0 0.552740 0.392037 0.101042 0.100630
0 0.952745 0.364389 0.096594 0.096667
1 0.440521 0.209324 0.085479 0.086796
0 0.948854 0.456231 0.104375 0.134204
0 0.671078 0.523398 0.108823 0.134204
0 0.538302 0.573759 0.121042 0.155926
0 0.846078 0.294259 0.078823 0.106556
0 0.779411 0.240926 0.056594 0.074926
2 0.676078 0.211299 0.156594 0.201365
0 0.716630 0.415741 0.113260 0.096667
0 0.867188 0.830556 0.178812 0.223074
