0 0.215854 0.223148 0.068146 0.062296
0 0.222854 0.192725 0.076375 0.055180
2 0.278406 0.142553 0.184375 0.110487
0 0.273297 0.268185 0.068823 0.075741
0 0.361521 0.257519 0.075938 0.071778
0 0.357078 0.327843 0.080823 0.093907
0 0.466078 0.319537 0.088594 0.090741
0 0.470411 0.439250 0.103927 0.110500
0 0.595630 0.428778 0.110823 0.109296
0 0.909745 0.338111 0.101260 0.101815
1 0.481740 0.228284 0.084375 0.089950
0 0.905187 0.414944 0.123271 0.120370
0 0.704188 0.572583 0.116812 0.145648
0 0.556521 0.608333 0.124146 0.162630
0 0.814297 0.271148 0.074823 0.097444
0 0.752854 0.221565 0.058604 0.068611
2 0.654073 0.192333 0.134375 0.185556
0 0.794297 0.470259 0.130823 0.111667
0 0.907411 0.895991 0.187260 0.211722
