3 0.517745 0.268583 0.175927 0.221907
0 0.256745 0.222951 0.077927 0.088765
2 0.220854 0.139590 0.174146 0.125894
1 0.329187 0.271352 0.091708 0.109704
0 0.953411 0.344037 0.095260 0.085222
0 0.552188 0.433130 0.113708 0.115630
1 0.362188 0.202012 0.076375 0.083235
0 0.388188 0.383741 0.086146 0.112481
0 0.848745 0.288731 0.092156 0.093907
0 0.848187 0.358259 0.088813 0.098630
0 0.724411 0.313611 0.082156 0.088370
2 0.825078 0.421074 0.351927 0.406000
0 0.699521 0.237176 0.065708 0.072167
0 0.800740 0.628481 0.163708 0.175296
1 0.579521 0.600824 0.119042 0.198981
0 0.764854 0.235398 0.071042 0.073352
0 0.708521 0.183046 0.058375 0.067426
0 0.649635 0.188182 0.058375 0.069006
