0 0.205411 0.202012 0.066823 0.078494
0 0.320969 0.261269 0.083708 0.087981
0 0.182073 0.162509 0.079708 0.057167
3 0.768521 0.467296 0.262375 0.327778
0 0.482411 0.407639 0.110156 0.144463
2 0.528854 0.234602 0.236375 0.203722
0 0.952745 0.376630 0.096594 0.136185
0 0.719745 0.269769 0.092823 0.082833
0 0.806406 0.258898 0.095042 0.095870
1 0.588188 0.543148 0.141271 0.208481
0 0.731854 0.199049 0.064146 0.072569
0 0.679854 0.217219 0.066812 0.077302
0 0.935297 0.827593 0.131490 0.226630
1 0.845411 0.386509 0.097927 0.106944
