0 0.170635 0.199244 0.069708 0.063476
2 0.188521 0.133071 0.249042 0.112857
0 0.230969 0.190756 0.071708 0.064672
1 0.233854 0.218608 0.061042 0.084820
0 0.297630 0.275102 0.077927 0.079278
0 0.411854 0.277667 0.084604 0.078889
2 0.496521 0.195299 0.176146 0.164624
0 0.362854 0.340083 0.084812 0.098648
0 0.524964 0.368528 0.097927 0.099426
0 0.919630 0.341667 0.094823 0.105741
0 0.871411 0.380972 0.119260 0.143278
0 0.828521 0.284380 0.085479 0.092315
0 0.452630 0.419296 0.100823 0.107741
0 0.643297 0.467500 0.119490 0.122741
0 0.563635 0.553815 0.119708 0.141296
0 0.778745 0.637963 0.154823 0.161074
0 0.748188 0.218405 0.061708 0.074931
1 0.749745 0.395593 0.137260 0.143296
0 0.682411 0.241519 0.065260 0.081667
0 0.887521 0.884139 0.200813 0.235426
0 0.708635 0.899546 0.199042 0.204611
0 0.700188 0.177123 0.049708 0.071383
