3 0.440078 0.225324 0.156156 0.178056
0 0.191854 0.192139 0.075271 0.078500
1 0.255964 0.228484 0.082594 0.098254
0 0.453188 0.348981 0.095708 0.094296
1 0.273854 0.172382 0.069937 0.073754
0 0.326078 0.315389 0.077490 0.099037
0 0.927854 0.340083 0.099708 0.108130
0 0.903964 0.393222 0.104823 0.116407
2 0.730521 0.335738 0.350812 0.328561
0 0.801635 0.335546 0.083708 0.100611
0 0.666635 0.492972 0.136375 0.134204
1 0.477854 0.450509 0.095708 0.156722
0 0.826187 0.273713 0.087938 0.079685
0 0.757630 0.219991 0.071260 0.067833
0 0.687745 0.218213 0.063490 0.066648
0 0.667635 0.721315 0.155708 0.199778
0 0.969854 0.914157 0.062375 0.175389
0 0.692411 0.172775 0.051490 0.069006
0 0.621187 0.162898 0.044604 0.060315
