0 0.173302 0.184238 0.064375 0.072969
0 0.281964 0.239741 0.079927 0.081259
3 0.731411 0.429769 0.246823 0.312759
0 0.451187 0.371296 0.103271 0.134185
2 0.475297 0.209519 0.219927 0.189111
0 0.799302 0.307500 0.095042 0.099037
0 0.842411 0.282611 0.100823 0.103778
1 0.547854 0.485472 0.127708 0.187130
0 0.756411 0.216432 0.069260 0.078098
0 0.706630 0.233426 0.071490 0.074148
0 0.901411 0.752528 0.199260 0.207685
1 0.775078 0.367148 0.083490 0.104556
0 0.717187 0.892037 0.175271 0.219630
0 0.693745 0.171991 0.059490 0.064278
