0 0.221411 0.211491 0.073927 0.074537
3 0.673411 0.383343 0.225927 0.280759
0 0.401854 0.319343 0.091708 0.119574
2 0.399745 0.184632 0.201260 0.171735
0 0.915188 0.387491 0.128604 0.115241
0 0.893964 0.316185 0.119490 0.108519
1 0.483630 0.405074 0.115260 0.160667
0 0.802521 0.251204 0.077937 0.088370
0 0.769073 0.288722 0.080375 0.097852
0 0.792521 0.646259 0.179271 0.175296
1 0.654078 0.288333 0.077927 0.089148
0 0.606297 0.695843 0.141927 0.194648
0 0.725078 0.199836 0.069260 0.076513
0 0.616745 0.217025 0.065927 0.088765
0 0.549188 0.191544 0.073042 0.075728
2 0.945745 0.474213 0.110594 0.284722
0 0.625854 0.168831 0.054813 0.065857
