0 0.199969 0.204380 0.071042 0.065056
2 0.251073 0.132281 0.237708 0.126291
0 0.269411 0.194506 0.076594 0.065061
1 0.255521 0.226111 0.062146 0.084815
0 0.319411 0.286361 0.078823 0.082833
0 0.451630 0.304139 0.089927 0.086796
0 0.976078 0.375241 0.049927 0.078889
0 0.955521 0.461167 0.091042 0.132222
2 0.546078 0.215250 0.183260 0.181611
0 0.381630 0.351537 0.085490 0.102593
0 0.562745 0.397963 0.105490 0.112481
0 0.864969 0.303148 0.087708 0.092704
0 0.788297 0.315991 0.096594 0.118389
0 0.796073 0.255741 0.074375 0.084815
0 0.474964 0.440435 0.103260 0.118389
0 0.688854 0.506602 0.128812 0.128278
0 0.600521 0.604389 0.127708 0.161852
0 0.851078 0.730796 0.179927 0.197407
0 0.726635 0.195497 0.057708 0.067043
1 0.878297 0.480926 0.169927 0.171741
0 0.656073 0.210308 0.054375 0.069013
0 0.929411 0.948333 0.143260 0.107037
