0 0.147745 0.174756 0.062156 0.072969
0 0.250521 0.223148 0.076604 0.074926
3 0.700521 0.398944 0.236604 0.280370
0 0.426078 0.344630 0.098823 0.128259
2 0.436630 0.197472 0.208823 0.181611
0 0.851630 0.350556 0.123260 0.116407
0 0.866078 0.298213 0.112156 0.106537
1 0.516073 0.441417 0.121042 0.171722
0 0.777745 0.233028 0.075490 0.082833
0 0.733854 0.261667 0.076604 0.080852
0 0.847745 0.699194 0.195490 0.181611
1 0.751078 0.350556 0.082156 0.100630
0 0.657187 0.790065 0.158812 0.217167
0 0.709411 0.186605 0.063260 0.069013
0 0.594964 0.208333 0.065490 0.096667
0 0.535521 0.181669 0.055479 0.070994
