1 0.179969 0.196484 0.064375 0.076920
0 0.254406 0.244880 0.071042 0.070981
0 0.312188 0.223148 0.075479 0.067037
2 0.381630 0.160926 0.178823 0.132222
0 0.320521 0.302157 0.076604 0.086796
0 0.437188 0.301167 0.087708 0.084815
0 0.944964 0.363389 0.112156 0.114444
0 0.413297 0.382157 0.088823 0.104574
0 0.555521 0.385120 0.102146 0.106537
0 0.517188 0.487833 0.112146 0.126296
0 0.678854 0.511546 0.124375 0.130241
0 0.818854 0.274500 0.077708 0.090741
1 0.587187 0.285370 0.098812 0.108519
0 0.782187 0.323889 0.088813 0.098630
0 0.776630 0.697222 0.146594 0.177667
0 0.597745 0.696241 0.139927 0.191481
0 0.751630 0.221176 0.058823 0.086796
0 0.708297 0.187590 0.049927 0.063080
2 0.615521 0.149077 0.097708 0.159883
