3 0.246745 0.144333 0.140156 0.129852
0 0.297187 0.237963 0.069479 0.069815
0 0.209521 0.214262 0.064375 0.076920
2 0.437073 0.172386 0.221708 0.174894
0 0.431635 0.279444 0.086375 0.086407
1 0.321740 0.270954 0.069708 0.103389
0 0.922745 0.323889 0.105490 0.100222
0 0.867297 0.355639 0.086219 0.090130
0 0.398302 0.353315 0.093042 0.103778
0 0.606630 0.431537 0.119490 0.115630
0 0.807078 0.250806 0.080823 0.085204
0 0.692969 0.231046 0.056042 0.067537
2 0.809411 0.374065 0.306823 0.315130
0 0.517188 0.492972 0.109042 0.134981
0 0.804521 0.656139 0.161042 0.175278
0 0.741630 0.203201 0.058823 0.068228
0 0.633854 0.177123 0.055271 0.080865
0 0.698854 0.171000 0.049271 0.067037
0 0.765297 0.882954 0.177260 0.237796
0 0.973521 0.926009 0.055042 0.151685
