3 0.340630 0.176136 0.138594 0.146839
1 0.176854 0.183447 0.077271 0.084031
0 0.365635 0.274704 0.081042 0.076926
0 0.260854 0.252778 0.069708 0.086000
2 0.557411 0.227299 0.245927 0.228624
0 0.843521 0.362407 0.102604 0.114037
0 0.519521 0.351343 0.103042 0.102204
1 0.378188 0.327046 0.080375 0.122352
0 0.916188 0.331398 0.103042 0.098648
0 0.828964 0.271352 0.092594 0.093111
0 0.732745 0.253167 0.075260 0.088370
0 0.489635 0.451500 0.109042 0.123926
0 0.787302 0.613667 0.164375 0.172519
0 0.741411 0.208333 0.064594 0.075333
0 0.653187 0.199444 0.055271 0.074148
2 0.920854 0.486852 0.160375 0.317889
0 0.717297 0.828185 0.163927 0.230185
