3 0.357630 0.180287 0.141490 0.159093
1 0.191073 0.189176 0.076375 0.084426
0 0.378521 0.284583 0.083708 0.083241
0 0.272964 0.261074 0.069490 0.086000
2 0.582078 0.238954 0.260594 0.243241
0 0.827630 0.346806 0.107260 0.111278
0 0.538302 0.366944 0.106375 0.107333
1 0.392411 0.341667 0.079927 0.125519
0 0.901635 0.320333 0.101042 0.098630
0 0.815969 0.260287 0.088375 0.089167
0 0.727302 0.244685 0.061708 0.082444
0 0.512635 0.482111 0.115042 0.133815
0 0.828854 0.660481 0.174604 0.181593
0 0.731745 0.200432 0.064823 0.072172
0 0.650411 0.192534 0.054156 0.065857
2 0.945187 0.502259 0.111708 0.287889
0 0.764964 0.899343 0.184594 0.205019
