3 0.298854 0.162308 0.140375 0.141309
0 0.335187 0.257315 0.079708 0.077704
0 0.233630 0.230852 0.066823 0.078481
2 0.495854 0.197466 0.225938 0.202143
0 0.947188 0.440037 0.107708 0.116037
0 0.477073 0.316185 0.095042 0.093519
1 0.347745 0.298611 0.074594 0.112074
0 0.966297 0.366157 0.069490 0.101019
0 0.864078 0.291500 0.098823 0.093111
0 0.771078 0.286954 0.079927 0.086389
0 0.439073 0.397370 0.099042 0.114444
0 0.692078 0.513324 0.137490 0.142500
0 0.767297 0.227296 0.072823 0.080852
0 0.668521 0.216034 0.059708 0.074931
2 0.873630 0.456824 0.254823 0.375574
0 0.612297 0.639741 0.134823 0.175667
0 0.916078 0.824435 0.169927 0.234537
0 0.714630 0.186009 0.052823 0.066241
