3 0.212411 0.138405 0.138594 0.125894
0 0.282187 0.228676 0.065271 0.066241
0 0.196297 0.209120 0.064156 0.074537
2 0.408188 0.162509 0.222604 0.163833
0 0.399854 0.258111 0.081479 0.083222
1 0.307073 0.257917 0.065708 0.089944
0 0.950411 0.353315 0.101260 0.113259
0 0.926969 0.398954 0.118375 0.119981
0 0.378630 0.333574 0.088823 0.096667
0 0.569078 0.394806 0.111927 0.106944
0 0.832188 0.269759 0.083479 0.088370
0 0.726969 0.266602 0.066042 0.076426
2 0.741187 0.332185 0.269937 0.277222
0 0.474854 0.441028 0.102146 0.121944
0 0.745964 0.582852 0.144823 0.152778
0 0.760302 0.217423 0.061042 0.065857
0 0.648854 0.184432 0.059042 0.066246
0 0.713521 0.184037 0.054604 0.064667
0 0.682406 0.725667 0.149708 0.191074
0 0.930188 0.831148 0.141708 0.227444
