0 0.184964 0.235593 0.068156 0.066630
0 0.186187 0.205963 0.075479 0.056370
0 0.279521 0.281222 0.067937 0.073370
0 0.311854 0.246463 0.072604 0.067037
0 0.401521 0.290509 0.075479 0.076130
0 0.351969 0.346019 0.083042 0.095481
2 0.877745 0.407250 0.246594 0.345167
0 0.396854 0.228481 0.069271 0.054778
0 0.527297 0.386315 0.090594 0.095481
0 0.469521 0.451491 0.107938 0.112870
1 0.724635 0.277870 0.072375 0.110889
2 0.634188 0.181469 0.096812 0.148024
0 0.956854 0.910407 0.088375 0.182889
0 0.685630 0.194898 0.041927 0.060315
