0 0.170854 0.203590 0.070146 0.061894
2 0.185297 0.130704 0.194594 0.100222
0 0.235854 0.243694 0.068146 0.073352
0 0.298964 0.222759 0.068594 0.064667
0 0.307635 0.289120 0.074375 0.079685
0 0.400521 0.274898 0.080146 0.080463
0 0.412297 0.380185 0.091260 0.100630
0 0.512073 0.358259 0.097042 0.093111
0 0.974411 0.388676 0.053260 0.086796
1 0.398854 0.193516 0.081708 0.079672
0 0.977187 0.479546 0.047708 0.098648
0 0.627854 0.467694 0.105042 0.115241
0 0.512188 0.528926 0.113708 0.139741
0 0.884964 0.319741 0.086823 0.110889
0 0.809188 0.263250 0.054375 0.081648
2 0.700297 0.235003 0.177927 0.220328
0 0.654630 0.370898 0.099490 0.084426
0 0.815745 0.745426 0.159490 0.190296
