0 0.142969 0.183836 0.067708 0.065846
3 0.595630 0.326852 0.194823 0.242852
0 0.328521 0.263843 0.081042 0.103389
2 0.302740 0.159938 0.177042 0.138939
0 0.968187 0.374454 0.065708 0.104167
1 0.402078 0.330407 0.100156 0.129852
0 0.874073 0.305713 0.087708 0.099426
0 0.658521 0.527343 0.141042 0.146056
1 0.469854 0.239546 0.084146 0.100611
0 0.481297 0.500481 0.110156 0.145259
0 0.782411 0.244880 0.083490 0.086796
0 0.720187 0.284380 0.078146 0.123130
0 0.640854 0.267981 0.061271 0.108519
2 0.871964 0.444972 0.258156 0.366093
0 0.660187 0.207145 0.061271 0.071376
0 0.921630 0.815343 0.158823 0.250352
1 0.724521 0.842796 0.168604 0.274444
0 0.710745 0.197861 0.059260 0.070981
