0 0.154406 0.248824 0.071042 0.063093
0 0.136074 0.228093 0.074372 0.049259
0 0.254964 0.284380 0.065490 0.070981
0 0.271078 0.250806 0.073260 0.063093
0 0.358297 0.285370 0.069927 0.069000
0 0.331078 0.341667 0.079927 0.086778
2 0.905521 0.432528 0.191042 0.308019
0 0.348854 0.233019 0.068812 0.055185
0 0.491078 0.366361 0.079927 0.092722
0 0.420521 0.417713 0.089938 0.100611
1 0.768302 0.323889 0.087708 0.118407
2 0.662740 0.219197 0.114375 0.157902
0 0.854411 0.759444 0.188823 0.183593
0 0.730521 0.235991 0.049937 0.069019
0 0.922188 0.975000 0.157708 0.053704
