0 0.217745 0.208336 0.068823 0.065069
0 0.137187 0.187593 0.063271 0.067037
2 0.289411 0.140188 0.232156 0.130254
0 0.297187 0.206361 0.069937 0.069019
1 0.269406 0.232037 0.061042 0.084815
0 0.329411 0.295241 0.078823 0.084815
0 0.476078 0.319944 0.089927 0.090741
0 0.954411 0.361426 0.093260 0.114444
0 0.908854 0.407833 0.122146 0.120370
2 0.577745 0.229077 0.188823 0.189513
0 0.393297 0.359444 0.086594 0.102593
0 0.590521 0.419694 0.107708 0.112463
0 0.843854 0.289315 0.083271 0.096667
0 0.749406 0.284380 0.087708 0.106537
0 0.781073 0.244880 0.071042 0.086796
0 0.495521 0.457222 0.108812 0.120370
0 0.726078 0.541176 0.138823 0.142093
0 0.632188 0.655741 0.128812 0.165815
0 0.906078 0.806852 0.189927 0.223074
0 0.717187 0.182655 0.052146 0.065061
1 0.943854 0.555991 0.114375 0.195426
