3 0.363297 0.179694 0.142156 0.157907
1 0.194406 0.191546 0.077708 0.086796
0 0.382187 0.286361 0.084375 0.086796
0 0.276630 0.261667 0.068823 0.084815
0 0.973297 0.373278 0.055490 0.078889
2 0.591078 0.241917 0.266594 0.246796
0 0.819964 0.339694 0.106594 0.106537
0 0.544969 0.372278 0.107708 0.108519
1 0.397745 0.344630 0.079927 0.124333
0 0.896635 0.317963 0.097708 0.098630
0 0.811635 0.256731 0.087708 0.086796
0 0.724969 0.242907 0.061042 0.078889
0 0.519969 0.492778 0.117708 0.136185
0 0.842187 0.676481 0.179938 0.187519
0 0.729411 0.197469 0.065490 0.070987
0 0.651078 0.189571 0.055490 0.067043
2 0.952188 0.504630 0.097708 0.278407
0 0.779964 0.914750 0.186594 0.174204
