3 0.154856 0.133275 0.151934 0.122746
0 0.260630 0.225713 0.063490 0.071389
0 0.176187 0.201222 0.061271 0.072963
2 0.363411 0.154605 0.227260 0.159087
0 0.355297 0.234602 0.077260 0.074944
1 0.292635 0.248630 0.064375 0.090333
0 0.353964 0.316574 0.086156 0.091926
0 0.526297 0.362407 0.100156 0.099037
0 0.870740 0.299787 0.095708 0.099426
0 0.782745 0.314806 0.078823 0.093907
2 0.662188 0.284188 0.217708 0.242846
0 0.431635 0.397574 0.094375 0.113259
0 0.674745 0.502648 0.126823 0.134593
0 0.791078 0.253565 0.067490 0.086796
0 0.679297 0.209516 0.056823 0.069006
0 0.737630 0.210506 0.056156 0.070987
0 0.585187 0.572972 0.125042 0.143278
0 0.841411 0.677269 0.167260 0.173315
0 0.756406 0.911787 0.175042 0.180130
