3 0.252297 0.146108 0.141927 0.134191
0 0.301187 0.240130 0.071271 0.071778
0 0.211521 0.215053 0.065708 0.075339
2 0.442188 0.174753 0.222604 0.178050
0 0.436411 0.283593 0.087490 0.086778
1 0.324078 0.273917 0.070823 0.102981
0 0.917411 0.319944 0.102823 0.097852
0 0.856969 0.348444 0.084979 0.088593
0 0.402297 0.356880 0.093927 0.104574
0 0.613745 0.437463 0.120823 0.118000
0 0.802854 0.246657 0.079042 0.081648
0 0.690187 0.229861 0.058146 0.068611
2 0.822078 0.382556 0.316594 0.324222
0 0.525297 0.505417 0.110594 0.137759
0 0.815188 0.668972 0.165042 0.176463
0 0.738521 0.203201 0.058375 0.070598
0 0.631521 0.175540 0.055479 0.080069
0 0.697964 0.169812 0.049260 0.065450
0 0.780745 0.897370 0.183260 0.208963
