0 0.170188 0.210308 0.062604 0.064272
0 0.203521 0.187590 0.064375 0.060709
0 0.249745 0.251991 0.068823 0.072574
0 0.297745 0.219593 0.072823 0.067037
0 0.341078 0.315194 0.078594 0.089944
0 0.406740 0.284380 0.081042 0.077315
1 0.264521 0.162114 0.085042 0.067439
0 0.505854 0.350556 0.091708 0.094296
0 0.416521 0.402898 0.097479 0.108907
0 0.982187 0.397759 0.037708 0.109704
0 0.903078 0.335148 0.072823 0.093519
2 0.784073 0.306509 0.246375 0.290648
0 0.516745 0.273324 0.077927 0.070204
0 0.658188 0.528926 0.119042 0.137370
0 0.835411 0.755296 0.188594 0.199778
1 0.644630 0.205762 0.050594 0.090735
