3 0.167743 0.136238 0.146597 0.126302
0 0.266078 0.227093 0.063260 0.067037
0 0.182188 0.204386 0.059937 0.072969
2 0.374964 0.158951 0.225490 0.159876
0 0.365521 0.238954 0.077708 0.074944
1 0.295521 0.252778 0.062146 0.090741
0 0.973297 0.379194 0.055490 0.094685
0 0.974411 0.453278 0.053260 0.108519
0 0.358854 0.319944 0.082146 0.090741
0 0.534411 0.370306 0.102156 0.100611
0 0.861635 0.294259 0.094375 0.098630
0 0.766635 0.308083 0.077708 0.086796
2 0.677188 0.288331 0.229938 0.240857
0 0.439411 0.405861 0.096594 0.116426
0 0.689969 0.520435 0.131042 0.140130
0 0.784411 0.244880 0.068823 0.082833
0 0.675521 0.205368 0.055479 0.063080
0 0.732187 0.206361 0.059937 0.069019
0 0.605521 0.601426 0.131042 0.155926
0 0.866078 0.705120 0.169927 0.181611
0 0.776635 0.947343 0.157708 0.109019
