3 0.194854 0.135244 0.142604 0.120365
0 0.275411 0.229074 0.065927 0.067037
0 0.190745 0.208333 0.061927 0.072963
2 0.393521 0.163494 0.222146 0.165013
0 0.385740 0.247833 0.077708 0.077704
1 0.301969 0.256731 0.064375 0.097056
0 0.958964 0.360426 0.084156 0.101407
0 0.947964 0.426407 0.106156 0.128259
0 0.369630 0.329611 0.086823 0.096667
0 0.554630 0.383944 0.106156 0.104963
0 0.844964 0.279833 0.087260 0.094296
0 0.743969 0.284380 0.071042 0.080870
2 0.711745 0.313818 0.247927 0.261809
0 0.458406 0.424630 0.100375 0.121556
0 0.721635 0.555398 0.137042 0.146833
0 0.770411 0.230065 0.063927 0.072167
0 0.660521 0.193324 0.053042 0.066648
0 0.720740 0.192923 0.054375 0.066635
0 0.647411 0.666019 0.140156 0.171333
0 0.911964 0.769120 0.178156 0.212426
