0 0.236740 0.216630 0.074375 0.075333
3 0.687635 0.397176 0.227708 0.284722
0 0.412297 0.330009 0.093927 0.121944
2 0.418854 0.190558 0.205708 0.174106
0 0.883854 0.367741 0.129042 0.113667
0 0.879969 0.303148 0.116375 0.098259
1 0.498969 0.422454 0.118375 0.163833
0 0.790297 0.241713 0.074823 0.085204
0 0.748630 0.274111 0.083927 0.087593
0 0.818964 0.671935 0.184156 0.182389
1 0.696745 0.307685 0.084156 0.097852
0 0.631188 0.747204 0.149938 0.210444
0 0.716854 0.193521 0.065271 0.073365
0 0.605630 0.212287 0.069490 0.090352
0 0.542521 0.186405 0.061479 0.074931
2 0.963521 0.491194 0.075042 0.276019
0 0.621188 0.168824 0.054375 0.072167
