0 0.148302 0.185614 0.067708 0.067031
3 0.601630 0.332778 0.198823 0.242852
0 0.335521 0.268583 0.084375 0.110500
2 0.309406 0.162901 0.181042 0.140124
0 0.967187 0.370306 0.067708 0.100611
1 0.407745 0.335741 0.102156 0.138148
0 0.869406 0.302157 0.087708 0.094685
0 0.667188 0.536231 0.141042 0.151981
1 0.478854 0.244880 0.082146 0.106537
0 0.491630 0.513519 0.112156 0.150000
0 0.777745 0.238954 0.082156 0.086796
0 0.712187 0.281417 0.082146 0.124315
0 0.628854 0.262648 0.066604 0.102593
2 0.876630 0.450306 0.248823 0.367278
0 0.657187 0.202405 0.063271 0.069006
0 0.926630 0.835491 0.148823 0.264574
1 0.740521 0.864380 0.169937 0.274944
0 0.707745 0.195491 0.059927 0.070981
