0 0.140519 0.192926 0.073482 0.056370
0 0.210073 0.228870 0.066375 0.072963
0 0.260854 0.207151 0.066604 0.065069
0 0.283188 0.271935 0.071271 0.076907
0 0.362411 0.251981 0.072823 0.071778
0 0.380635 0.350954 0.085708 0.095093
0 0.465521 0.321130 0.091042 0.086000
1 0.345635 0.178114 0.081042 0.078106
0 0.575188 0.413370 0.097937 0.109296
0 0.472406 0.467685 0.105708 0.123926
0 0.933521 0.354704 0.101708 0.123926
0 0.843740 0.290111 0.061708 0.091926
2 0.732297 0.262657 0.201927 0.250352
0 0.591964 0.323694 0.088823 0.076907
0 0.749078 0.648630 0.140823 0.166593
