0 0.167521 0.245269 0.072813 0.058352
0 0.140077 0.224333 0.076597 0.049667
0 0.255854 0.234602 0.069042 0.053611
0 0.261411 0.279639 0.067260 0.070981
2 0.978964 0.477176 0.044156 0.222685
0 0.228521 0.214065 0.070375 0.048870
0 0.391854 0.292481 0.073042 0.076111
0 0.335521 0.340880 0.074604 0.082833
1 0.875406 0.406657 0.125042 0.151981
2 0.737078 0.274901 0.158594 0.198198
0 0.544521 0.460185 0.097937 0.108926
0 0.863297 0.328435 0.091927 0.087981
0 0.590188 0.625519 0.149271 0.165407
0 0.642406 0.217620 0.048375 0.065463
