3 0.371635 0.185423 0.146375 0.160672
1 0.202078 0.195299 0.077927 0.088772
0 0.391406 0.292685 0.082375 0.081259
0 0.283411 0.268981 0.069490 0.086000
0 0.965630 0.365963 0.070823 0.089556
2 0.610073 0.256136 0.271708 0.257061
0 0.808302 0.330204 0.101042 0.109704
0 0.559854 0.387102 0.112146 0.108907
1 0.406854 0.356093 0.081271 0.127481
0 0.886630 0.314806 0.098594 0.101796
0 0.804745 0.253176 0.086823 0.089167
0 0.718521 0.239546 0.067708 0.083241
0 0.538969 0.514315 0.121042 0.142889
0 0.871740 0.712630 0.185708 0.199778
0 0.724187 0.195095 0.063042 0.071772
0 0.647635 0.186602 0.057042 0.069796
2 0.967187 0.514907 0.067708 0.262593
