0 0.182188 0.216234 0.064375 0.069013
0 0.223854 0.195491 0.063271 0.059130
0 0.258854 0.257713 0.071042 0.076907
0 0.318854 0.227102 0.071042 0.070981
0 0.351635 0.321907 0.081042 0.090741
0 0.423854 0.295250 0.083271 0.080870
1 0.289969 0.167840 0.084375 0.070987
0 0.525521 0.368333 0.093271 0.096667
0 0.431073 0.417713 0.097708 0.112463
0 0.967745 0.386111 0.066594 0.124333
0 0.884964 0.319935 0.063260 0.094685
2 0.768854 0.290308 0.228813 0.276420
0 0.537745 0.286352 0.079927 0.067037
0 0.684964 0.564880 0.129927 0.146056
0 0.901078 0.836481 0.199927 0.234926
1 0.636630 0.196484 0.053260 0.088772
