3 0.313964 0.168037 0.140823 0.146444
1 0.153411 0.174558 0.079260 0.078106
0 0.345297 0.261269 0.077260 0.073759
0 0.243187 0.237769 0.066375 0.078093
2 0.519297 0.209719 0.231927 0.211635
0 0.926297 0.403889 0.107260 0.107741
0 0.491187 0.325667 0.094812 0.096667
1 0.357521 0.308870 0.075938 0.114444
0 0.953854 0.348185 0.094375 0.097444
0 0.850740 0.281815 0.097042 0.087963
0 0.753521 0.273324 0.079937 0.087574
0 0.456411 0.415537 0.103490 0.116815
0 0.724964 0.547296 0.147260 0.153556
0 0.758073 0.220781 0.070375 0.080476
0 0.663187 0.208528 0.055271 0.075722
2 0.891964 0.466898 0.218156 0.345167
0 0.648297 0.701963 0.141490 0.188704
0 0.934187 0.879593 0.133708 0.244519
0 0.705964 0.179494 0.051490 0.071383
