0 0.208521 0.218407 0.068146 0.062296
0 0.206854 0.190355 0.079042 0.055180
2 0.263406 0.138997 0.186375 0.108117
0 0.267297 0.265222 0.068823 0.079296
0 0.350854 0.251593 0.073271 0.071778
0 0.347745 0.319546 0.078156 0.091537
0 0.454745 0.310056 0.087260 0.086000
0 0.461078 0.429176 0.101260 0.109315
0 0.581964 0.417519 0.107490 0.105741
0 0.924745 0.347593 0.103260 0.104185
1 0.468406 0.221173 0.083042 0.089950
0 0.924188 0.426796 0.126604 0.122741
0 0.693188 0.557176 0.114812 0.143278
0 0.552521 0.596481 0.125479 0.157889
0 0.824630 0.277667 0.075490 0.098630
0 0.761188 0.228676 0.060604 0.073352
2 0.661073 0.198259 0.143042 0.192667
0 0.765964 0.448333 0.126156 0.105741
0 0.902078 0.883546 0.197927 0.236611
