3 0.258297 0.149071 0.143260 0.140117
0 0.305521 0.241907 0.073271 0.072963
0 0.213854 0.216238 0.067708 0.072969
2 0.447188 0.177716 0.223271 0.181606
0 0.441078 0.288333 0.088823 0.086778
1 0.326078 0.277472 0.072156 0.100611
0 0.912745 0.316981 0.098823 0.096667
0 0.846630 0.341241 0.083740 0.087074
0 0.406630 0.360435 0.093260 0.104574
0 0.621078 0.443389 0.122156 0.120370
0 0.798854 0.241917 0.077708 0.076907
0 0.688854 0.231046 0.062146 0.070981
2 0.836078 0.392037 0.329927 0.333704
0 0.533297 0.518454 0.113260 0.140130
0 0.825521 0.681417 0.171042 0.177648
0 0.735521 0.204386 0.057708 0.072969
0 0.628854 0.173762 0.055479 0.078883
0 0.698297 0.169812 0.049927 0.063080
0 0.796078 0.912778 0.189927 0.178148
