0 0.221411 0.210114 0.068156 0.066254
0 0.140521 0.188778 0.063271 0.069407
2 0.295078 0.142558 0.232823 0.137365
0 0.302854 0.210509 0.069271 0.070204
1 0.271740 0.234407 0.060375 0.084815
0 0.331745 0.296426 0.079490 0.082444
0 0.480078 0.322907 0.091260 0.089556
0 0.951411 0.356093 0.099260 0.110889
0 0.896854 0.402500 0.120813 0.119185
2 0.584078 0.234410 0.189490 0.195439
0 0.395630 0.363593 0.087260 0.103778
0 0.595521 0.425620 0.111042 0.114833
0 0.839187 0.285759 0.080604 0.096667
0 0.742406 0.278454 0.083042 0.104167
0 0.777406 0.243102 0.069042 0.085611
0 0.500521 0.462556 0.109479 0.121556
0 0.733078 0.548880 0.139490 0.143278
0 0.638854 0.671148 0.131479 0.170556
0 0.910745 0.825222 0.180594 0.226630
0 0.714187 0.181469 0.051479 0.065061
1 0.954521 0.564880 0.093042 0.172907
