0 0.166964 0.198651 0.071260 0.064661
2 0.179634 0.132880 0.250378 0.111685
0 0.225745 0.188386 0.070594 0.062302
1 0.231630 0.217818 0.061490 0.084031
0 0.294411 0.273713 0.075927 0.080463
0 0.405521 0.275296 0.084375 0.079667
2 0.489964 0.192923 0.177260 0.163820
0 0.360630 0.339296 0.084823 0.099444
0 0.519521 0.365769 0.096375 0.098648
0 0.927745 0.346806 0.096823 0.108130
0 0.883411 0.390065 0.122823 0.144870
0 0.832854 0.288731 0.087042 0.094685
0 0.450073 0.417120 0.099708 0.106537
0 0.637854 0.462556 0.118375 0.121556
0 0.559745 0.548870 0.119490 0.136963
0 0.771630 0.629870 0.153490 0.160667
0 0.751078 0.221568 0.062156 0.074939
1 0.736297 0.386704 0.133490 0.140519
0 0.686521 0.245278 0.065479 0.081259
0 0.878854 0.879000 0.196813 0.245704
0 0.697521 0.890065 0.197271 0.223574
0 0.702073 0.179299 0.050375 0.070994
