0 0.159745 0.199049 0.069260 0.060717
2 0.160967 0.128333 0.197045 0.099433
0 0.225406 0.235398 0.065042 0.070981
0 0.282297 0.214256 0.067260 0.064265
0 0.296521 0.280231 0.073479 0.080870
0 0.384521 0.263639 0.077479 0.076907
0 0.399297 0.366954 0.086156 0.094685
0 0.492411 0.343444 0.092823 0.091148
1 0.376630 0.185225 0.082594 0.073365
0 0.605745 0.442806 0.102156 0.112870
0 0.495854 0.503046 0.111271 0.136167
0 0.904630 0.334167 0.091490 0.116815
0 0.825078 0.273324 0.058156 0.087574
2 0.713073 0.243491 0.188375 0.233352
0 0.627188 0.348583 0.097937 0.083241
0 0.787745 0.703343 0.152823 0.180426
