0 0.228297 0.212873 0.069490 0.067031
0 0.147630 0.188778 0.064156 0.069407
2 0.309073 0.147294 0.232375 0.138931
0 0.313297 0.213271 0.067927 0.067828
1 0.276854 0.239148 0.061708 0.087963
0 0.335964 0.301176 0.079927 0.085611
0 0.487188 0.328037 0.092146 0.088778
0 0.944078 0.344630 0.113927 0.111667
0 0.874630 0.386306 0.114594 0.115241
2 0.593630 0.240331 0.189927 0.204117
0 0.400302 0.368731 0.090375 0.102981
0 0.607297 0.438259 0.114156 0.118000
0 0.830740 0.279444 0.077042 0.091926
0 0.729740 0.265815 0.076375 0.104185
0 0.770964 0.237176 0.068594 0.081648
0 0.510073 0.475593 0.111708 0.125519
0 0.747078 0.569028 0.140823 0.145648
0 0.651740 0.703537 0.137708 0.183185
0 0.923187 0.864333 0.155708 0.244815
0 0.708635 0.179886 0.051042 0.066635
1 0.977187 0.590556 0.047708 0.118407
