0 0.193740 0.199642 0.072375 0.071383
3 0.647073 0.363991 0.211042 0.268130
0 0.376969 0.296824 0.089042 0.110093
2 0.364854 0.173571 0.190146 0.155931
0 0.924635 0.338306 0.107042 0.110093
1 0.454406 0.375250 0.109708 0.146056
0 0.827302 0.267000 0.087042 0.089963
0 0.800521 0.317963 0.090375 0.103370
0 0.744411 0.599046 0.162594 0.156722
1 0.553630 0.265426 0.084594 0.093111
0 0.559854 0.618806 0.128604 0.170944
0 0.741854 0.212880 0.073042 0.077315
0 0.650521 0.220781 0.069937 0.075735
0 0.569964 0.203790 0.071927 0.074939
2 0.914188 0.460981 0.173708 0.311185
0 0.636854 0.179694 0.061271 0.067833
0 0.964078 0.910009 0.073927 0.183685
