0 0.172740 0.253176 0.069042 0.060722
0 0.163745 0.225120 0.077260 0.054389
0 0.267521 0.291491 0.067042 0.070981
0 0.292964 0.257917 0.072594 0.063093
0 0.381521 0.295046 0.073708 0.074944
0 0.344740 0.350954 0.081042 0.087981
2 0.890745 0.418315 0.220594 0.315926
0 0.374411 0.240130 0.069260 0.055185
0 0.509411 0.383148 0.086823 0.099444
0 0.443635 0.439046 0.095708 0.102981
1 0.746964 0.306907 0.083260 0.116815
2 0.648740 0.205565 0.103708 0.155130
0 0.920745 0.853074 0.160594 0.227037
0 0.708521 0.220778 0.045937 0.064667
