3 0.224630 0.140386 0.137260 0.125117
0 0.286406 0.229074 0.065708 0.065444
0 0.201187 0.209519 0.064146 0.075333
2 0.417745 0.166065 0.223927 0.170944
0 0.410078 0.262065 0.084156 0.078500
1 0.312188 0.261074 0.067042 0.096259
0 0.946187 0.345019 0.109708 0.115630
0 0.909630 0.383148 0.095260 0.108926
0 0.385073 0.339102 0.088375 0.098241
0 0.580854 0.405861 0.112375 0.111685
0 0.822854 0.258306 0.083479 0.082833
0 0.715635 0.254750 0.062708 0.073463
2 0.761406 0.340083 0.278375 0.286685
0 0.487964 0.455639 0.106156 0.124315
0 0.763078 0.602213 0.148823 0.159870
0 0.753188 0.212679 0.060146 0.069013
0 0.642854 0.182849 0.055938 0.072561
0 0.710630 0.180479 0.054156 0.065450
0 0.707521 0.770704 0.160812 0.206889
0 0.944411 0.871444 0.113260 0.233741
