0 0.155630 0.205769 0.064594 0.060722
0 0.178411 0.182456 0.066156 0.053606
0 0.236406 0.243889 0.068375 0.071370
0 0.273406 0.210905 0.073042 0.064672
0 0.327411 0.303343 0.076594 0.079685
0 0.387297 0.271546 0.075490 0.071389
1 0.234521 0.159942 0.085479 0.067043
0 0.482411 0.334361 0.090594 0.093500
0 0.400521 0.384528 0.092146 0.106944
2 0.814187 0.328630 0.272812 0.308815
0 0.491630 0.258315 0.073927 0.064667
0 0.624854 0.486852 0.111042 0.129074
0 0.735740 0.664824 0.172375 0.169759
1 0.661630 0.217222 0.060594 0.093111
