3 0.491964 0.254358 0.169260 0.201357
0 0.236078 0.212086 0.076594 0.082050
2 0.192078 0.133864 0.176156 0.122346
1 0.305635 0.255935 0.086375 0.106537
0 0.969188 0.355685 0.063708 0.084815
0 0.521078 0.405463 0.109260 0.110889
1 0.332854 0.188581 0.071479 0.081654
0 0.364297 0.353315 0.082823 0.099037
0 0.868406 0.298407 0.089708 0.092704
0 0.910521 0.388287 0.091708 0.106537
0 0.791740 0.360426 0.087042 0.096667
2 0.811297 0.391046 0.379490 0.383870
0 0.719411 0.265028 0.072156 0.089167
0 0.757411 0.581074 0.155260 0.159481
1 0.543411 0.546111 0.113490 0.182778
0 0.782964 0.248833 0.075260 0.081259
0 0.723078 0.195099 0.062594 0.068617
0 0.659521 0.199442 0.059937 0.067820
0 0.787521 0.905667 0.192375 0.192370
