1 0.130743 0.188972 0.069930 0.069796
0 0.234187 0.235194 0.064812 0.066648
0 0.263745 0.209127 0.074594 0.063487
2 0.323188 0.152234 0.186812 0.125902
0 0.293187 0.283593 0.071271 0.081259
0 0.394630 0.275694 0.081260 0.075722
0 0.980521 0.401120 0.041042 0.085611
0 0.383078 0.354111 0.083927 0.095074
0 0.504854 0.346407 0.094604 0.094704
0 0.492854 0.463741 0.107938 0.117593
0 0.634635 0.467296 0.116375 0.118407
0 0.866854 0.307685 0.086146 0.095481
1 0.525635 0.250019 0.089042 0.095481
0 0.848297 0.376241 0.108156 0.113259
0 0.733630 0.625519 0.126823 0.158296
0 0.573521 0.641907 0.127937 0.171333
0 0.784745 0.248435 0.066823 0.091537
0 0.732297 0.205173 0.055260 0.067431
2 0.634740 0.170803 0.117042 0.174098
0 0.894964 0.542759 0.157927 0.128667
0 0.927521 0.931343 0.147042 0.141019
