3 0.231630 0.142164 0.136594 0.126302
0 0.289406 0.232037 0.067708 0.069000
0 0.203854 0.211296 0.065479 0.078889
2 0.422745 0.167843 0.223260 0.169759
0 0.416078 0.265620 0.085490 0.080870
1 0.313854 0.264630 0.067708 0.098630
0 0.943854 0.339685 0.114375 0.114444
0 0.898297 0.377222 0.089927 0.094704
0 0.389406 0.342657 0.087708 0.100611
0 0.587188 0.411787 0.114375 0.116426
0 0.818854 0.251787 0.082146 0.076907
0 0.709969 0.248824 0.061042 0.071981
2 0.771073 0.349565 0.284375 0.296167
0 0.494964 0.462157 0.105490 0.130241
0 0.772745 0.612287 0.152156 0.165796
0 0.750521 0.210308 0.058813 0.069013
0 0.640521 0.181664 0.056604 0.074931
0 0.708297 0.178701 0.052156 0.069006
0 0.720521 0.797963 0.165479 0.221111
0 0.951078 0.887102 0.099927 0.229500
