3 0.303630 0.163296 0.140156 0.144074
1 0.142743 0.171595 0.080597 0.076920
0 0.338297 0.259491 0.079260 0.077315
0 0.236854 0.233028 0.067042 0.078093
2 0.503297 0.200831 0.227927 0.203339
0 0.944521 0.428778 0.113042 0.112481
0 0.481521 0.318556 0.095479 0.094296
1 0.350854 0.301167 0.075938 0.113259
0 0.962854 0.359444 0.076375 0.098630
0 0.858740 0.287148 0.098375 0.091519
0 0.765187 0.282213 0.080604 0.088759
0 0.444745 0.403685 0.100156 0.114444
0 0.703297 0.524778 0.139927 0.146444
0 0.764073 0.224929 0.071708 0.081661
0 0.666187 0.213269 0.058604 0.075722
2 0.878964 0.460380 0.244156 0.365315
0 0.624297 0.659296 0.136156 0.179222
0 0.921854 0.845370 0.158375 0.242444
0 0.711630 0.183049 0.052156 0.066643
