0 0.245854 0.223352 0.067271 0.072963
0 0.162297 0.195296 0.060594 0.070593
2 0.336745 0.150062 0.228156 0.149209
0 0.335740 0.225315 0.072375 0.072963
1 0.284854 0.245667 0.063479 0.092333
0 0.343964 0.308481 0.082156 0.085222
0 0.506745 0.344824 0.096156 0.094685
0 0.900969 0.320139 0.103708 0.100611
0 0.821740 0.347000 0.097708 0.105370
2 0.625854 0.261074 0.203708 0.223481
0 0.412411 0.381565 0.090156 0.108907
0 0.638745 0.467491 0.117490 0.121944
0 0.810964 0.263833 0.073490 0.083630
0 0.703630 0.239741 0.067260 0.089963
0 0.754297 0.224528 0.064156 0.076907
0 0.544630 0.515093 0.116823 0.131037
0 0.790406 0.616426 0.151042 0.158296
0 0.696411 0.804481 0.155927 0.215185
0 0.956630 0.918306 0.088823 0.167093
