3 0.376635 0.190756 0.145708 0.157117
1 0.206745 0.197669 0.075260 0.088772
0 0.395740 0.296833 0.083042 0.082444
0 0.287078 0.273130 0.071490 0.089556
0 0.962630 0.367741 0.076823 0.097852
2 0.620406 0.263247 0.280375 0.264172
0 0.804969 0.325463 0.094375 0.107333
0 0.567854 0.395991 0.112146 0.110093
1 0.412521 0.363796 0.081937 0.131037
0 0.881630 0.311250 0.097927 0.099426
0 0.800745 0.251398 0.084156 0.090352
0 0.722521 0.241324 0.067708 0.084426
0 0.547635 0.528537 0.121042 0.145259
0 0.887073 0.729222 0.189708 0.206889
0 0.721854 0.193910 0.062375 0.074143
0 0.643969 0.183639 0.055042 0.066241
2 0.973854 0.522019 0.054375 0.250741
