0 0.191854 0.193318 0.065479 0.075328
0 0.305188 0.252972 0.083271 0.085611
0 0.158964 0.159345 0.078823 0.057161
3 0.753406 0.448722 0.259708 0.315926
0 0.469740 0.388278 0.107042 0.135778
2 0.507073 0.223151 0.228375 0.191883
0 0.972078 0.391639 0.057927 0.123537
0 0.745969 0.283194 0.096375 0.087574
0 0.821078 0.267194 0.096823 0.098241
1 0.573745 0.520630 0.135490 0.201370
0 0.741188 0.204581 0.066812 0.070987
0 0.690297 0.223546 0.067260 0.077315
0 0.921745 0.802306 0.158594 0.221907
1 0.815187 0.371102 0.091708 0.107722
0 0.756521 0.935694 0.180146 0.132315
