3 0.242078 0.144926 0.137490 0.128667
0 0.293854 0.235000 0.068146 0.066259
0 0.208188 0.214262 0.064375 0.076920
2 0.431740 0.171201 0.220375 0.172524
0 0.426635 0.276481 0.085708 0.085222
1 0.318740 0.269176 0.069042 0.099833
0 0.929411 0.329815 0.105490 0.104963
0 0.877630 0.362824 0.087448 0.091648
0 0.394969 0.349759 0.089042 0.101407
0 0.599964 0.425611 0.118156 0.113259
0 0.811745 0.253769 0.083490 0.086389
0 0.698635 0.236972 0.057708 0.069019
2 0.796078 0.367546 0.297490 0.306833
0 0.508854 0.481713 0.109708 0.131426
0 0.793187 0.642509 0.161042 0.174093
0 0.744964 0.205571 0.058823 0.065857
0 0.635521 0.178308 0.054604 0.080865
0 0.702187 0.174556 0.050604 0.067037
0 0.749630 0.854463 0.172594 0.230593
0 0.965854 0.912380 0.070375 0.178944
