3 0.416630 0.212284 0.153260 0.171728
0 0.173297 0.183642 0.073260 0.074939
1 0.236078 0.215244 0.078823 0.090735
0 0.428854 0.330806 0.091042 0.100611
1 0.249406 0.163892 0.067708 0.070994
0 0.311078 0.297222 0.073260 0.096667
0 0.943854 0.356481 0.114375 0.120370
0 0.938297 0.441426 0.125490 0.144074
2 0.688302 0.307095 0.321042 0.298143
0 0.764406 0.321907 0.084375 0.102593
0 0.628302 0.455250 0.127708 0.124315
1 0.452745 0.414750 0.089927 0.146056
0 0.845521 0.290315 0.088813 0.090741
0 0.771635 0.226111 0.074375 0.069000
0 0.694964 0.222157 0.058823 0.069019
0 0.619411 0.637963 0.138823 0.169741
0 0.941630 0.873269 0.118823 0.257167
0 0.703854 0.182657 0.056604 0.069019
0 0.627740 0.172778 0.044375 0.061111
