0 0.148302 0.206553 0.065042 0.065450
0 0.163740 0.180481 0.072375 0.052815
0 0.229297 0.239148 0.067490 0.072963
0 0.263630 0.205368 0.065927 0.063080
0 0.321630 0.299398 0.076594 0.082833
0 0.377964 0.267194 0.075490 0.073759
1 0.221411 0.160333 0.081490 0.064667
0 0.470854 0.326463 0.087042 0.087185
0 0.393854 0.376231 0.092146 0.102981
2 0.831521 0.338111 0.284375 0.318296
0 0.478521 0.251991 0.072604 0.063093
0 0.608854 0.466704 0.110146 0.114037
0 0.686854 0.620583 0.169708 0.158685
1 0.667854 0.223546 0.058813 0.096278
