0 0.228740 0.214852 0.074375 0.076519
3 0.680635 0.388880 0.224375 0.279981
0 0.407630 0.324676 0.092594 0.120759
2 0.408854 0.187595 0.203042 0.175291
0 0.898854 0.374852 0.129708 0.111296
0 0.886635 0.306111 0.119042 0.097074
1 0.490969 0.412972 0.117042 0.163833
0 0.796297 0.247046 0.076156 0.086389
0 0.759630 0.281815 0.079260 0.095889
0 0.805964 0.658306 0.183490 0.178833
1 0.688745 0.300574 0.073490 0.095481
0 0.618188 0.719352 0.146604 0.202148
0 0.720854 0.196484 0.067937 0.074550
0 0.610964 0.215250 0.068156 0.089167
0 0.545188 0.188775 0.069479 0.074931
2 0.954187 0.480528 0.093708 0.280759
0 0.623188 0.168824 0.054375 0.069796
