0 0.178854 0.205960 0.068812 0.061894
2 0.200964 0.130111 0.192594 0.099037
0 0.242521 0.247250 0.066812 0.073352
0 0.309964 0.226907 0.070594 0.068222
0 0.315302 0.295639 0.073708 0.083241
0 0.411187 0.279639 0.081479 0.080463
0 0.421630 0.389667 0.093927 0.103000
0 0.525073 0.368333 0.097708 0.099037
0 0.966745 0.378602 0.068594 0.090352
1 0.412854 0.199442 0.084375 0.082043
0 0.966521 0.471250 0.069042 0.112870
0 0.642521 0.486657 0.106375 0.122352
0 0.521854 0.542556 0.115708 0.145667
0 0.871964 0.310259 0.084823 0.108519
0 0.799188 0.256139 0.053042 0.079278
2 0.692630 0.226706 0.169260 0.213217
0 0.673297 0.384528 0.104823 0.090352
0 0.832078 0.770907 0.166823 0.200963
