0 0.224964 0.211688 0.068156 0.067031
0 0.143964 0.189370 0.063490 0.070593
2 0.301406 0.144923 0.233042 0.141302
0 0.308297 0.213271 0.068594 0.070198
1 0.274188 0.236778 0.060375 0.085593
0 0.333964 0.298213 0.079927 0.082056
0 0.483854 0.325667 0.092146 0.088778
0 0.948078 0.350556 0.105927 0.109296
0 0.885297 0.395787 0.118594 0.117611
2 0.589630 0.238553 0.189927 0.200561
0 0.397969 0.366954 0.088375 0.104167
0 0.600964 0.431741 0.113490 0.116815
0 0.834740 0.282407 0.078375 0.095481
0 0.735740 0.272333 0.079042 0.103000
0 0.773964 0.240731 0.067927 0.084019
0 0.505406 0.468481 0.110375 0.123148
0 0.740078 0.557769 0.140156 0.144463
0 0.645406 0.686944 0.134375 0.176074
0 0.916188 0.844185 0.169708 0.232963
0 0.711302 0.180479 0.051042 0.065450
1 0.965521 0.575741 0.071042 0.148037
