3 0.410297 0.209321 0.151260 0.168172
0 0.167630 0.183049 0.072594 0.073754
1 0.231411 0.212281 0.078823 0.094291
0 0.423187 0.324287 0.089042 0.097056
1 0.242073 0.162114 0.069042 0.072180
0 0.308078 0.294259 0.072594 0.093111
0 0.946521 0.356481 0.109042 0.113259
0 0.945964 0.449130 0.110156 0.140519
2 0.679635 0.301762 0.317042 0.296957
0 0.770406 0.325463 0.080375 0.093111
0 0.618302 0.445769 0.125042 0.121944
1 0.446078 0.406454 0.087260 0.141315
0 0.850187 0.293870 0.090146 0.093111
0 0.775302 0.230259 0.076375 0.072556
0 0.699630 0.224528 0.064156 0.073759
0 0.607411 0.620185 0.136156 0.167370
0 0.935630 0.851889 0.130823 0.245222
0 0.706521 0.183843 0.056604 0.069019
0 0.629406 0.174556 0.046375 0.067037
