0 0.137187 0.195494 0.074375 0.063087
0 0.183854 0.182657 0.065479 0.057167
1 0.215521 0.207345 0.062146 0.074939
0 0.277745 0.261667 0.075490 0.076926
0 0.369964 0.253759 0.079927 0.072963
2 0.449406 0.180682 0.174375 0.155931
0 0.347187 0.324870 0.081042 0.096667
0 0.489969 0.340685 0.091042 0.096667
0 0.963297 0.376241 0.075490 0.108519
0 0.946078 0.447352 0.109927 0.167778
0 0.864411 0.311046 0.093260 0.100611
0 0.437188 0.407843 0.096604 0.112463
0 0.608297 0.432537 0.112156 0.114444
0 0.541635 0.521417 0.114375 0.134204
0 0.732187 0.579694 0.139937 0.148019
0 0.772188 0.236972 0.066604 0.074944
1 0.668854 0.341667 0.117708 0.130259
0 0.716073 0.271546 0.074375 0.088759
0 0.831635 0.798954 0.174375 0.223093
0 0.639964 0.796972 0.166594 0.234944
0 0.718297 0.193516 0.049927 0.074931
