0 0.179297 0.246852 0.071490 0.058333
0 0.157187 0.223935 0.076146 0.053611
0 0.266969 0.238944 0.066375 0.057556
0 0.270078 0.286352 0.068594 0.071778
2 0.970745 0.469667 0.060594 0.228222
0 0.242297 0.212870 0.072156 0.048074
0 0.403630 0.299194 0.073490 0.073759
0 0.345302 0.347593 0.076375 0.085222
1 0.861187 0.396389 0.118813 0.148815
2 0.726630 0.268185 0.152823 0.192667
0 0.564302 0.483093 0.106375 0.116815
0 0.843969 0.315000 0.084375 0.084815
0 0.620188 0.663833 0.163937 0.177259
0 0.638188 0.212484 0.046146 0.066254
