0 0.192073 0.202009 0.069042 0.065056
2 0.236188 0.136034 0.239937 0.123524
0 0.260521 0.196877 0.073042 0.067431
1 0.250521 0.223151 0.059708 0.080476
0 0.313745 0.285759 0.079490 0.082444
0 0.442297 0.297426 0.087260 0.083630
0 0.965297 0.470065 0.071490 0.110500
2 0.532969 0.211099 0.178375 0.178839
0 0.376406 0.349759 0.085708 0.096667
0 0.552964 0.392435 0.104156 0.105352
0 0.875521 0.312630 0.088813 0.100630
0 0.806521 0.327639 0.100604 0.114833
0 0.802964 0.261269 0.075260 0.080870
0 0.468854 0.433519 0.102604 0.117222
0 0.676073 0.493574 0.126375 0.127481
0 0.589297 0.588185 0.125260 0.149222
0 0.832297 0.705713 0.172594 0.178056
0 0.732745 0.201219 0.056156 0.069006
1 0.840411 0.457028 0.159490 0.162648
0 0.659854 0.218210 0.056604 0.074543
0 0.919411 0.929176 0.163260 0.145352
