0 0.163297 0.200040 0.069260 0.062698
2 0.168854 0.128728 0.196375 0.102593
0 0.229411 0.238167 0.065927 0.071778
0 0.287854 0.217222 0.067708 0.064667
0 0.299635 0.282407 0.074375 0.083630
0 0.390078 0.267000 0.078823 0.080481
0 0.403630 0.370704 0.087260 0.095889
0 0.498964 0.348380 0.093927 0.092315
0 0.981964 0.402111 0.038156 0.083630
1 0.384635 0.188380 0.081708 0.075722
0 0.613411 0.450704 0.102823 0.114444
0 0.501302 0.511546 0.112375 0.136574
0 0.897854 0.328435 0.090375 0.114056
0 0.821187 0.269565 0.055271 0.086389
2 0.708521 0.239345 0.185479 0.229013
0 0.636854 0.355102 0.098604 0.084426
0 0.797521 0.717370 0.155937 0.184778
