3 0.147856 0.130312 0.151268 0.123931
0 0.259297 0.227491 0.067490 0.072574
0 0.173187 0.197667 0.061937 0.072963
2 0.358745 0.153419 0.225927 0.156717
0 0.351297 0.233417 0.075927 0.074944
1 0.290635 0.248037 0.064375 0.089148
0 0.352630 0.315389 0.084823 0.089556
0 0.521964 0.359444 0.100823 0.100222
0 0.876406 0.304528 0.096375 0.101796
0 0.791078 0.320139 0.082156 0.097463
2 0.653854 0.277669 0.214375 0.236920
0 0.428302 0.393426 0.094375 0.109704
0 0.667411 0.496722 0.124156 0.129852
0 0.794411 0.255935 0.070156 0.086796
0 0.682297 0.216034 0.057490 0.074931
0 0.740630 0.214062 0.058156 0.070987
0 0.575854 0.561713 0.123708 0.146833
0 0.832411 0.664824 0.162594 0.172130
0 0.747406 0.896972 0.177042 0.209759
