3 0.581854 0.317370 0.190375 0.238111
0 0.315854 0.254352 0.080604 0.095481
2 0.288073 0.157169 0.177042 0.142883
1 0.389854 0.316583 0.096146 0.119574
0 0.886521 0.308083 0.085042 0.089944
0 0.639854 0.512731 0.136604 0.137352
1 0.450078 0.229669 0.084594 0.093513
0 0.463745 0.474407 0.103490 0.135778
0 0.793521 0.251194 0.082604 0.085204
0 0.739297 0.291889 0.078156 0.114444
0 0.646635 0.256528 0.065708 0.088759
2 0.863521 0.437463 0.275042 0.366889
0 0.665740 0.214256 0.067042 0.080857
0 0.910745 0.780583 0.180594 0.239278
1 0.696969 0.796972 0.162375 0.268130
0 0.718964 0.205769 0.060594 0.067833
