0 0.194297 0.220972 0.064156 0.071389
0 0.241297 0.199645 0.062156 0.061117
0 0.268635 0.264426 0.072375 0.077704
0 0.337964 0.237370 0.072823 0.069407
0 0.362745 0.334954 0.082823 0.091537
0 0.441521 0.308685 0.083937 0.082444
1 0.313188 0.170210 0.084604 0.075728
0 0.547078 0.384926 0.095927 0.101407
0 0.448854 0.439639 0.102604 0.117611
0 0.956630 0.378213 0.088823 0.136167
0 0.865187 0.305519 0.064604 0.096667
2 0.751745 0.278456 0.218594 0.262198
0 0.560740 0.301759 0.083708 0.069407
0 0.712854 0.601620 0.131479 0.158685
0 0.931188 0.893620 0.139708 0.216463
1 0.630078 0.187794 0.049927 0.084820
