0 0.123854 0.240926 0.067708 0.055185
0 0.234411 0.272537 0.068823 0.067037
0 0.238297 0.241917 0.072156 0.057167
0 0.328297 0.269574 0.069927 0.061111
0 0.312188 0.325861 0.075479 0.082833
2 0.922745 0.440435 0.156594 0.276426
0 0.313302 0.226111 0.071042 0.049259
0 0.464406 0.345620 0.077708 0.086796
0 0.394406 0.394019 0.084375 0.096667
1 0.795521 0.344630 0.099937 0.132222
2 0.679964 0.232037 0.119927 0.167778
0 0.738302 0.650806 0.161042 0.151981
0 0.762188 0.259694 0.053271 0.080870
0 0.851078 0.900926 0.253260 0.201852
0 0.616630 0.184630 0.042156 0.061111
