0 0.240073 0.218608 0.069042 0.072969
0 0.156745 0.194114 0.062823 0.069809
2 0.326740 0.148090 0.230375 0.145265
0 0.327078 0.219392 0.071927 0.070587
1 0.282630 0.243694 0.063490 0.089944
0 0.341073 0.304926 0.081708 0.087593
0 0.498302 0.339296 0.094375 0.094704
0 0.916521 0.330407 0.106375 0.108519
0 0.841521 0.362407 0.105271 0.109296
2 0.614740 0.251988 0.198375 0.213209
0 0.407521 0.376435 0.088375 0.108130
0 0.624964 0.453667 0.116594 0.121148
0 0.817854 0.270944 0.075708 0.088370
0 0.714969 0.250796 0.067708 0.097852
0 0.761630 0.228880 0.065490 0.079278
0 0.529745 0.498509 0.117260 0.132611
0 0.773297 0.595491 0.148823 0.157500
0 0.678406 0.757074 0.143042 0.193074
0 0.943297 0.898954 0.115490 0.205796
0 0.702078 0.170803 0.050823 0.065061
