0 0.191078 0.229074 0.066594 0.067037
0 0.197745 0.195494 0.075490 0.063087
0 0.284964 0.276481 0.069927 0.078889
0 0.321073 0.238944 0.071042 0.067037
0 0.411630 0.290315 0.078823 0.078889
0 0.357187 0.341667 0.085479 0.094704
2 0.871078 0.395981 0.259927 0.357407
0 0.408297 0.224130 0.069927 0.061111
0 0.537740 0.387102 0.091042 0.098648
0 0.488297 0.457222 0.112156 0.116407
1 0.713854 0.260676 0.069937 0.110500
2 0.626630 0.166855 0.093260 0.148031
0 0.973854 0.926602 0.054375 0.150500
0 0.678302 0.177716 0.041042 0.063087
