3 0.524411 0.271546 0.177260 0.218352
0 0.263745 0.225321 0.078594 0.088765
2 0.226854 0.140775 0.170146 0.130635
1 0.335187 0.276685 0.090375 0.113259
0 0.942969 0.342259 0.086375 0.086407
0 0.560521 0.440833 0.118375 0.119185
1 0.370521 0.203790 0.075708 0.084420
0 0.394521 0.391444 0.088146 0.118407
0 0.843411 0.286954 0.092156 0.097463
0 0.832854 0.342852 0.088813 0.098630
0 0.701078 0.303537 0.082156 0.087185
2 0.828745 0.422259 0.344594 0.403630
0 0.694854 0.240731 0.069708 0.081648
0 0.811406 0.641519 0.165042 0.180037
1 0.589854 0.613861 0.126375 0.203722
0 0.759521 0.233620 0.071042 0.074537
0 0.705854 0.181269 0.057042 0.068611
0 0.646969 0.186997 0.057042 0.069006
