0 0.223187 0.226704 0.065042 0.066259
0 0.237521 0.199049 0.077271 0.063087
2 0.292187 0.144926 0.184375 0.112074
0 0.280411 0.274111 0.071490 0.076519
0 0.372630 0.263444 0.079490 0.077296
0 0.365745 0.335343 0.081260 0.096278
0 0.478521 0.327046 0.089479 0.091537
0 0.478187 0.447148 0.105271 0.113667
0 0.608745 0.443000 0.111260 0.115630
0 0.894630 0.328231 0.096823 0.101019
1 0.495964 0.235000 0.085260 0.092333
0 0.886745 0.398352 0.117490 0.115630
0 0.714406 0.588778 0.120375 0.151185
0 0.561854 0.618602 0.125042 0.165796
0 0.802969 0.263639 0.071708 0.095093
0 0.744854 0.216034 0.055938 0.070191
2 0.647630 0.184824 0.129490 0.184759
0 0.824297 0.489620 0.139260 0.112463
0 0.913854 0.906259 0.174375 0.191185
