0 0.256188 0.226111 0.066146 0.072185
0 0.170411 0.196083 0.061260 0.072167
2 0.353411 0.152234 0.226823 0.154346
0 0.348187 0.231444 0.073708 0.073370
1 0.289078 0.247843 0.063490 0.088759
0 0.350854 0.313417 0.083479 0.090352
0 0.517635 0.356083 0.099708 0.100611
0 0.881854 0.308083 0.098375 0.103389
0 0.797854 0.327046 0.088604 0.099426
2 0.646411 0.271540 0.211927 0.231772
0 0.424297 0.390065 0.093927 0.109315
0 0.659187 0.490407 0.123271 0.130630
0 0.798854 0.257519 0.071479 0.085222
0 0.685302 0.219794 0.059042 0.075339
0 0.744078 0.216432 0.060156 0.073357
0 0.567630 0.548870 0.121927 0.144074
0 0.821854 0.653963 0.159271 0.169370
0 0.734854 0.884926 0.172813 0.233852
