0 0.206521 0.205373 0.070375 0.066254
2 0.266521 0.136824 0.237937 0.131426
0 0.280078 0.200034 0.074823 0.066635
1 0.261297 0.227491 0.059490 0.082833
0 0.322854 0.289917 0.077708 0.082056
0 0.462635 0.312037 0.087042 0.092333
0 0.967854 0.374259 0.066375 0.105370
0 0.940745 0.432537 0.120594 0.112074
2 0.558188 0.219593 0.179938 0.187926
0 0.384854 0.356880 0.087938 0.104574
0 0.573745 0.405667 0.107927 0.108926
0 0.855187 0.296037 0.084146 0.095889
0 0.771630 0.300380 0.090823 0.114056
0 0.788969 0.252778 0.071708 0.085222
0 0.480635 0.443787 0.108375 0.121944
0 0.701969 0.520630 0.132375 0.137370
0 0.612078 0.623343 0.127260 0.155537
0 0.874964 0.757861 0.189490 0.201759
0 0.722187 0.191938 0.056375 0.072569
1 0.915297 0.509167 0.171490 0.183185
0 0.653521 0.205963 0.049271 0.072963
