0 0.200073 0.200234 0.073042 0.072569
3 0.653406 0.368731 0.214375 0.272870
0 0.384635 0.301565 0.089708 0.114833
2 0.372854 0.175942 0.194146 0.155931
0 0.913635 0.334157 0.111708 0.108907
1 0.461073 0.381176 0.112375 0.146056
0 0.820969 0.262259 0.085042 0.087593
0 0.793854 0.309074 0.091708 0.099815
0 0.756078 0.609713 0.167260 0.159093
1 0.562964 0.270759 0.081927 0.094296
0 0.571188 0.635398 0.131271 0.180426
0 0.737521 0.208731 0.072375 0.078500
0 0.638854 0.219595 0.066604 0.078106
0 0.566630 0.199049 0.074594 0.074939
2 0.920188 0.460389 0.161708 0.302889
0 0.634188 0.176731 0.058604 0.064278
0 0.969745 0.919491 0.062594 0.164722
