0 0.166740 0.181077 0.063708 0.072180
0 0.274187 0.235991 0.079937 0.078500
3 0.723302 0.420676 0.243042 0.304870
0 0.444969 0.364778 0.102375 0.133000
2 0.465854 0.206157 0.216604 0.187130
0 0.812740 0.316778 0.098375 0.102593
0 0.847969 0.286556 0.104375 0.103778
1 0.540188 0.476185 0.125271 0.184370
0 0.761854 0.220581 0.070813 0.079283
0 0.712964 0.238556 0.073490 0.075741
0 0.895188 0.738111 0.211708 0.202556
1 0.767521 0.361222 0.084375 0.106926
0 0.701969 0.871639 0.171042 0.234944
0 0.697854 0.175942 0.060604 0.065857
0 0.579521 0.195892 0.062146 0.097069
