0 0.231740 0.233426 0.065708 0.067037
0 0.257187 0.206954 0.074375 0.063093
2 0.315406 0.150058 0.186375 0.123920
0 0.289745 0.281028 0.070594 0.080870
0 0.389411 0.272537 0.080594 0.074148
0 0.378964 0.350759 0.083260 0.095481
0 0.498073 0.342454 0.093042 0.096278
0 0.488521 0.459991 0.106813 0.116426
0 0.628521 0.461769 0.115271 0.117611
0 0.873302 0.312241 0.088375 0.096667
1 0.517964 0.246065 0.087927 0.093907
0 0.857521 0.382361 0.111042 0.112870
0 0.728521 0.616231 0.123708 0.153944
0 0.570854 0.635991 0.127479 0.169759
0 0.789406 0.252583 0.069042 0.095093
0 0.735302 0.207744 0.055042 0.068624
2 0.638188 0.175349 0.119479 0.176080
0 0.875630 0.530704 0.153490 0.125889
0 0.923411 0.924824 0.155260 0.154056
