0 0.229406 0.231056 0.067708 0.067037
0 0.250521 0.203398 0.074375 0.063093
2 0.307740 0.147095 0.184375 0.120365
0 0.286078 0.277472 0.069927 0.080870
0 0.384411 0.269574 0.079927 0.072963
0 0.374964 0.346611 0.083260 0.096667
0 0.491073 0.337713 0.091042 0.098648
0 0.483854 0.455250 0.105479 0.116426
0 0.622188 0.455250 0.113271 0.116426
0 0.879969 0.316981 0.091042 0.096667
1 0.509964 0.241917 0.086594 0.092722
0 0.867188 0.387102 0.114375 0.110500
0 0.723854 0.607343 0.121042 0.148019
0 0.568854 0.630065 0.128812 0.169759
0 0.794406 0.256731 0.071042 0.098648
0 0.738302 0.211299 0.054375 0.070994
2 0.642188 0.180682 0.122146 0.179635
0 0.856630 0.519444 0.148823 0.122333
0 0.919411 0.917713 0.163260 0.168278
