3 0.537188 0.285373 0.181042 0.219143
0 0.276630 0.230065 0.079927 0.092722
2 0.239964 0.145120 0.173260 0.136167
1 0.346630 0.286361 0.093260 0.118389
0 0.929411 0.331787 0.078823 0.082833
0 0.576630 0.455250 0.122156 0.124315
1 0.386630 0.207343 0.079927 0.082833
0 0.409406 0.408824 0.094375 0.122352
0 0.832745 0.278463 0.092156 0.090741
0 0.803297 0.325870 0.086594 0.102593
0 0.682187 0.280435 0.082146 0.086796
2 0.834964 0.428574 0.332156 0.410741
0 0.687188 0.230065 0.067708 0.076907
0 0.833297 0.665620 0.175490 0.193463
1 0.610521 0.649815 0.129937 0.217148
0 0.749411 0.223148 0.069927 0.071000
0 0.698854 0.172781 0.055479 0.065069
0 0.642745 0.180676 0.056594 0.065056
