3 0.446078 0.227102 0.158823 0.181611
0 0.195521 0.194509 0.073271 0.080870
1 0.261630 0.232040 0.083260 0.100624
0 0.458854 0.352537 0.097708 0.096667
1 0.280521 0.171790 0.069937 0.074939
0 0.329411 0.318944 0.078823 0.096667
0 0.922187 0.337713 0.097708 0.110500
0 0.891630 0.389074 0.092156 0.110481
2 0.740521 0.341664 0.358812 0.335672
0 0.794969 0.330806 0.081042 0.100611
0 0.676635 0.503639 0.137708 0.134204
1 0.485521 0.458213 0.097708 0.157907
0 0.818854 0.269565 0.079937 0.080870
0 0.754964 0.218213 0.069927 0.069019
0 0.689411 0.218213 0.065490 0.069019
0 0.678302 0.742648 0.161042 0.209259
0 0.977187 0.926602 0.047708 0.150500
0 0.689411 0.169812 0.052156 0.063080
0 0.618854 0.162898 0.046604 0.065056
