3 0.562630 0.299003 0.186156 0.239291
0 0.299078 0.243694 0.080823 0.091537
2 0.267521 0.151843 0.175937 0.137759
1 0.370630 0.302361 0.094156 0.118796
0 0.905635 0.317759 0.081042 0.087185
0 0.612964 0.487250 0.129927 0.130648
1 0.422630 0.221766 0.081260 0.091135
0 0.437740 0.443991 0.099042 0.123130
0 0.810411 0.264231 0.086156 0.094685
0 0.761745 0.307694 0.077260 0.104167
0 0.661635 0.264037 0.077042 0.094296
2 0.850188 0.434704 0.301708 0.380333
0 0.675406 0.218803 0.069042 0.075728
0 0.882630 0.733370 0.183927 0.216778
1 0.657854 0.731991 0.147708 0.247981
0 0.732740 0.211694 0.065042 0.072574
