0 0.158630 0.196281 0.073260 0.064661
0 0.214745 0.184831 0.067260 0.057561
1 0.226964 0.216040 0.061490 0.082846
0 0.288745 0.268380 0.073927 0.079278
0 0.393521 0.268778 0.083042 0.078481
2 0.476297 0.188182 0.177927 0.159080
0 0.356630 0.336333 0.083490 0.100630
0 0.509854 0.358065 0.095708 0.097463
0 0.947521 0.358065 0.107042 0.111685
0 0.910078 0.407250 0.129490 0.150796
0 0.841521 0.295250 0.089708 0.095870
0 0.445740 0.413565 0.099042 0.106537
0 0.627854 0.451296 0.117042 0.120370
0 0.553411 0.539981 0.117490 0.133407
0 0.757297 0.611500 0.148823 0.157111
0 0.757411 0.226306 0.065490 0.074944
1 0.712630 0.371889 0.127490 0.136963
0 0.695187 0.252389 0.066812 0.081259
0 0.862854 0.850704 0.187479 0.234148
0 0.674854 0.871694 0.186604 0.260315
0 0.707740 0.184632 0.051042 0.072180
