3 0.433964 0.223343 0.154156 0.174093
0 0.187745 0.189766 0.075927 0.076913
1 0.250745 0.224926 0.081490 0.096667
0 0.447297 0.344435 0.094156 0.092315
1 0.267745 0.171593 0.069260 0.072963
0 0.322854 0.311250 0.075938 0.099426
0 0.932078 0.342852 0.104156 0.107333
0 0.915854 0.401120 0.116604 0.124315
2 0.720521 0.329423 0.343271 0.320672
0 0.807745 0.340481 0.086156 0.101815
0 0.656630 0.482315 0.134594 0.133407
1 0.470745 0.442213 0.093927 0.155130
0 0.831964 0.278065 0.091927 0.079685
0 0.760521 0.221574 0.072604 0.067037
0 0.687969 0.219000 0.063042 0.065852
0 0.656078 0.699981 0.151260 0.190296
0 0.962745 0.902898 0.076594 0.197907
0 0.695302 0.175738 0.052375 0.072561
0 0.623521 0.163497 0.043479 0.057561
