3 0.283854 0.159935 0.141042 0.142093
0 0.324964 0.251787 0.078823 0.076907
0 0.225521 0.225130 0.066604 0.078889
2 0.476630 0.187590 0.222156 0.193450
0 0.463854 0.306111 0.092146 0.094704
1 0.339411 0.289315 0.072156 0.108519
0 0.882745 0.303148 0.098823 0.096667
0 0.794964 0.305269 0.077552 0.079463
0 0.426078 0.381176 0.096594 0.106537
0 0.662745 0.483889 0.132156 0.134185
0 0.779964 0.232037 0.075490 0.076926
0 0.676630 0.222157 0.059927 0.076907
2 0.859964 0.442407 0.282156 0.379148
0 0.581635 0.586602 0.121042 0.165796
0 0.887188 0.762407 0.187708 0.217148
0 0.722188 0.192531 0.053271 0.069013
