0 0.243521 0.220979 0.069271 0.072969
0 0.159297 0.194704 0.062594 0.069407
2 0.332078 0.150062 0.229490 0.146839
0 0.331406 0.222944 0.073042 0.072963
1 0.284521 0.245074 0.064146 0.091148
0 0.342630 0.306704 0.082156 0.086407
0 0.502078 0.342454 0.094823 0.094685
0 0.908969 0.326657 0.105042 0.106537
0 0.832073 0.354111 0.101042 0.107741
2 0.620188 0.256333 0.201708 0.218741
0 0.409745 0.379787 0.087490 0.110093
0 0.631745 0.459787 0.116823 0.120759
0 0.813964 0.267389 0.074156 0.086000
0 0.709630 0.245074 0.065927 0.093519
0 0.757297 0.225713 0.063490 0.076907
0 0.536964 0.507981 0.117490 0.133407
0 0.781740 0.605167 0.151042 0.159481
0 0.687411 0.779593 0.147260 0.203333
0 0.949964 0.908231 0.102156 0.187241
