0 0.186521 0.218605 0.063708 0.071383
0 0.229521 0.196083 0.062604 0.060315
0 0.261521 0.258898 0.069708 0.079278
0 0.325521 0.231843 0.071042 0.070981
0 0.355635 0.325463 0.081042 0.088370
0 0.430187 0.299991 0.082604 0.080870
1 0.298302 0.167840 0.085042 0.070987
0 0.532854 0.373074 0.093271 0.096667
0 0.436406 0.424231 0.101708 0.113648
0 0.963745 0.383741 0.074594 0.126704
0 0.880297 0.314602 0.059260 0.091130
2 0.762854 0.287938 0.224812 0.271680
0 0.545411 0.292278 0.080594 0.069407
0 0.693964 0.577917 0.129260 0.150796
0 0.911411 0.863148 0.179260 0.250333
1 0.635630 0.194114 0.053927 0.086402
