3 0.351964 0.180086 0.140823 0.157902
1 0.187078 0.186997 0.075490 0.083228
0 0.374521 0.282213 0.082812 0.080870
0 0.269078 0.259491 0.070156 0.086796
2 0.573411 0.235593 0.254823 0.238889
0 0.834188 0.353722 0.107042 0.115630
0 0.531745 0.361620 0.105260 0.105352
1 0.387297 0.337722 0.079927 0.126296
0 0.906406 0.323491 0.103042 0.098648
0 0.820297 0.264231 0.089490 0.091537
0 0.729187 0.246852 0.064604 0.085222
0 0.505188 0.471648 0.112604 0.131037
0 0.815078 0.644880 0.170156 0.178056
0 0.734521 0.203201 0.064146 0.072969
0 0.650297 0.195095 0.053927 0.067031
2 0.937521 0.498315 0.127042 0.298148
0 0.749521 0.884333 0.180375 0.235037
