0 0.158854 0.178706 0.057708 0.053217
1 0.200521 0.203398 0.063271 0.074944
0 0.264411 0.252778 0.073260 0.074926
0 0.341078 0.237963 0.073260 0.069000
2 0.416635 0.170806 0.177708 0.140130
0 0.332745 0.315000 0.078823 0.092704
0 0.462740 0.321917 0.087708 0.094685
0 0.981078 0.473028 0.039927 0.112463
0 0.900521 0.335741 0.103271 0.106556
0 0.424411 0.395000 0.095490 0.102593
0 0.583297 0.410806 0.108823 0.118389
0 0.528297 0.505620 0.112156 0.130241
0 0.704964 0.544139 0.129927 0.140130
0 0.793302 0.254750 0.071042 0.086796
1 0.625521 0.312037 0.102146 0.118407
0 0.746078 0.295250 0.083260 0.088759
0 0.802188 0.745620 0.162146 0.195426
0 0.614406 0.739694 0.151042 0.211241
0 0.735521 0.210306 0.055479 0.076907
0 0.695521 0.176725 0.044375 0.061106
