0 0.181630 0.200432 0.072156 0.065061
2 0.213298 0.134262 0.242153 0.118402
0 0.245521 0.189565 0.071042 0.059130
1 0.243297 0.221176 0.062156 0.086796
0 0.305521 0.279444 0.077708 0.080852
0 0.428854 0.287352 0.084375 0.084815
2 0.514411 0.202405 0.182156 0.175672
0 0.369411 0.345620 0.083260 0.094685
0 0.540521 0.378213 0.101042 0.100611
0 0.895521 0.325861 0.093271 0.106537
0 0.837188 0.350556 0.112146 0.124333
0 0.815521 0.267593 0.079937 0.080852
0 0.459964 0.428574 0.099927 0.114444
0 0.658297 0.477963 0.123260 0.126296
0 0.575521 0.569815 0.119938 0.144074
0 0.804406 0.668583 0.164375 0.175685
0 0.739969 0.210312 0.057708 0.072969
1 0.791630 0.419694 0.145490 0.148019
0 0.671078 0.230065 0.062156 0.076907
0 0.904964 0.904880 0.192156 0.193944
0 0.734411 0.938454 0.188823 0.126796
0 0.692187 0.169818 0.046604 0.070994
