3 0.479745 0.245667 0.163490 0.195037
0 0.226521 0.207343 0.077937 0.080463
1 0.293630 0.249611 0.084594 0.104963
0 0.975188 0.362806 0.051708 0.081648
0 0.505078 0.390852 0.104823 0.103778
1 0.318635 0.186608 0.072375 0.082450
0 0.354297 0.342657 0.080594 0.099833
0 0.882411 0.306704 0.086594 0.093519
0 0.913630 0.400139 0.093490 0.106537
0 0.816188 0.361620 0.086146 0.092722
2 0.803521 0.381176 0.395042 0.372019
0 0.737187 0.284778 0.080146 0.095481
0 0.736964 0.563296 0.152594 0.153963
1 0.527854 0.522019 0.108146 0.177259
0 0.791854 0.251204 0.077937 0.076519
0 0.729969 0.200632 0.065708 0.068624
0 0.662854 0.200627 0.059479 0.070191
0 0.760630 0.874407 0.186594 0.229407
