0 0.190630 0.220382 0.063490 0.072569
0 0.235297 0.197275 0.062156 0.061117
0 0.264635 0.260870 0.069708 0.080074
0 0.331964 0.235593 0.071490 0.070593
0 0.359411 0.329620 0.081490 0.087981
0 0.436187 0.304537 0.082604 0.081259
1 0.306188 0.168432 0.085271 0.072172
0 0.540078 0.378407 0.093927 0.097852
0 0.442188 0.431343 0.103938 0.115241
0 0.959964 0.381176 0.082156 0.130241
0 0.874188 0.309667 0.058604 0.090741
2 0.757078 0.284382 0.221260 0.266939
0 0.553073 0.297611 0.081708 0.070593
0 0.703187 0.590361 0.129479 0.155130
0 0.921521 0.880583 0.159042 0.242537
1 0.633745 0.191349 0.053260 0.084820
