3 0.589187 0.321519 0.191708 0.241667
0 0.321854 0.259093 0.079271 0.097852
2 0.295740 0.157762 0.175042 0.139328
1 0.396188 0.324287 0.098146 0.123130
0 0.879521 0.308083 0.087042 0.099426
0 0.649521 0.519250 0.139937 0.140907
1 0.460411 0.234407 0.085260 0.095889
0 0.471745 0.487444 0.107490 0.140519
0 0.787521 0.249417 0.083937 0.086389
0 0.728964 0.287741 0.076156 0.120370
0 0.648302 0.267787 0.059708 0.106537
2 0.867521 0.440426 0.267042 0.365704
0 0.663073 0.211294 0.061708 0.074931
0 0.916411 0.796583 0.169260 0.240463
1 0.709635 0.820676 0.166375 0.272870
0 0.714297 0.201028 0.059260 0.070204
