0 0.199187 0.198651 0.065479 0.076513
0 0.312521 0.256528 0.083271 0.087981
0 0.170964 0.160531 0.078823 0.057161
3 0.760406 0.458796 0.259042 0.321852
0 0.475740 0.397759 0.108375 0.140519
2 0.518406 0.229077 0.233708 0.198994
0 0.961745 0.381565 0.078594 0.127093
0 0.730635 0.276676 0.092375 0.084019
0 0.812745 0.263046 0.097490 0.097056
1 0.580078 0.530111 0.138823 0.201370
0 0.736521 0.202210 0.064146 0.070987
0 0.684630 0.221769 0.069260 0.078500
0 0.928745 0.818306 0.144594 0.230204
1 0.834187 0.373472 0.087042 0.093500
0 0.766188 0.954065 0.174146 0.095574
