3 0.393406 0.203988 0.147708 0.162246
0 0.151854 0.174355 0.076604 0.075328
1 0.218073 0.203590 0.078375 0.092709
0 0.407854 0.309074 0.086813 0.089556
1 0.222854 0.153021 0.068375 0.070587
0 0.297745 0.283398 0.071927 0.091130
0 0.954521 0.361815 0.093042 0.101815
0 0.971187 0.462556 0.059708 0.108111
2 0.650078 0.284583 0.295260 0.282352
0 0.791740 0.318954 0.076375 0.097463
0 0.591635 0.417519 0.118375 0.119185
1 0.428078 0.383546 0.085490 0.136574
0 0.865635 0.301176 0.093042 0.097463
0 0.786969 0.241917 0.081042 0.087981
0 0.709297 0.236380 0.068823 0.084019
0 0.576854 0.569222 0.129708 0.154741
0 0.916630 0.793028 0.168823 0.234944
0 0.714187 0.188583 0.058146 0.071389
0 0.637521 0.179494 0.047938 0.066643
