3 0.188078 0.132880 0.144156 0.123537
0 0.273302 0.228880 0.065708 0.067426
0 0.188630 0.207738 0.061260 0.072561
2 0.388521 0.162901 0.221938 0.163828
0 0.380521 0.245269 0.077042 0.077315
1 0.300521 0.256528 0.064146 0.098241
0 0.962854 0.361815 0.076375 0.095481
0 0.954297 0.435491 0.093490 0.125907
0 0.366187 0.328037 0.085271 0.095889
0 0.549630 0.380380 0.104156 0.103389
0 0.849740 0.285176 0.088375 0.097056
0 0.749635 0.290306 0.072708 0.082352
2 0.702521 0.306506 0.242812 0.255876
0 0.453854 0.419102 0.099708 0.117611
0 0.713187 0.546315 0.136146 0.142889
0 0.774406 0.233815 0.064375 0.074148
0 0.663964 0.194503 0.052823 0.065846
0 0.722740 0.195491 0.055708 0.066241
0 0.636854 0.648231 0.137708 0.165019
0 0.906745 0.751352 0.188594 0.206889
