0 0.204969 0.216824 0.067708 0.063093
0 0.198302 0.189173 0.079708 0.054394
2 0.255521 0.138210 0.188375 0.106543
0 0.264411 0.262657 0.068823 0.079685
0 0.345854 0.248037 0.073479 0.070185
0 0.343073 0.314806 0.077708 0.089944
0 0.449521 0.306509 0.085271 0.087574
0 0.456188 0.423639 0.099042 0.107722
0 0.574521 0.412380 0.105938 0.105759
0 0.931964 0.350556 0.105260 0.104556
1 0.461964 0.218206 0.082594 0.089550
0 0.935187 0.433907 0.131708 0.125111
0 0.687745 0.549463 0.114594 0.142889
0 0.550297 0.591148 0.125490 0.157519
0 0.829406 0.280426 0.075708 0.100222
0 0.766411 0.232231 0.059927 0.074944
2 0.664521 0.200831 0.146812 0.193857
0 0.752406 0.438065 0.123042 0.101796
0 0.891406 0.867296 0.187708 0.229407
