0 0.138635 0.203590 0.067042 0.064265
0 0.148740 0.179296 0.070375 0.050444
0 0.221297 0.236185 0.067490 0.069407
0 0.249964 0.204775 0.069260 0.064265
0 0.313630 0.295250 0.075260 0.084019
0 0.366630 0.261861 0.074156 0.072574
1 0.203078 0.160333 0.086156 0.067037
0 0.459521 0.318167 0.085708 0.084815
0 0.385854 0.370306 0.090813 0.102981
2 0.849187 0.349370 0.303708 0.326593
0 0.465521 0.246657 0.074604 0.061907
0 0.594188 0.450111 0.106146 0.109296
0 0.637854 0.580287 0.158375 0.146833
1 0.674521 0.230657 0.060146 0.098648
