0 0.195969 0.203194 0.069708 0.065056
2 0.243740 0.135244 0.239042 0.125106
0 0.265078 0.196877 0.074594 0.067431
1 0.252854 0.224333 0.060813 0.081259
0 0.316411 0.286361 0.079490 0.082833
0 0.446964 0.300583 0.088594 0.084426
0 0.981411 0.378796 0.039260 0.071778
0 0.960187 0.465315 0.081708 0.121556
2 0.539411 0.213472 0.180594 0.180426
0 0.378964 0.350944 0.085490 0.099037
0 0.557745 0.395593 0.104823 0.107741
0 0.869969 0.307889 0.088375 0.097444
0 0.797297 0.321917 0.098594 0.116019
0 0.799406 0.258111 0.074375 0.082444
0 0.471964 0.436880 0.102594 0.118389
0 0.682188 0.499491 0.127479 0.128278
0 0.594521 0.596093 0.126375 0.154741
0 0.841745 0.718352 0.175927 0.186741
0 0.729635 0.198460 0.057042 0.068228
1 0.858964 0.469074 0.164594 0.167000
0 0.657740 0.214456 0.055042 0.072569
0 0.924411 0.938852 0.153260 0.126000
