0 0.161964 0.189963 0.068823 0.067037
3 0.615297 0.338111 0.199927 0.256667
0 0.346964 0.275694 0.085490 0.105759
2 0.325297 0.164281 0.182156 0.142883
0 0.954630 0.357269 0.092823 0.102204
1 0.421187 0.347398 0.104604 0.137759
0 0.856745 0.288537 0.089490 0.089556
0 0.891745 0.392824 0.092823 0.095093
0 0.687964 0.553222 0.147927 0.149593
1 0.504188 0.251787 0.088375 0.099833
0 0.510411 0.541759 0.118594 0.148815
0 0.766854 0.234213 0.079937 0.079685
0 0.695406 0.264037 0.073042 0.113259
0 0.610078 0.239343 0.068156 0.084426
2 0.886521 0.452880 0.229042 0.348722
0 0.651521 0.197071 0.061271 0.067820
0 0.936964 0.869120 0.128156 0.265463
1 0.768187 0.886306 0.180813 0.231093
0 0.699630 0.189169 0.059260 0.071772
