3 0.510854 0.266407 0.175042 0.217556
0 0.251745 0.220188 0.076823 0.086402
2 0.213521 0.135642 0.174604 0.123531
1 0.322964 0.266407 0.090823 0.108519
0 0.957521 0.348185 0.087042 0.088778
0 0.544745 0.426213 0.110823 0.113648
1 0.354073 0.198657 0.075708 0.082056
0 0.382078 0.375241 0.085490 0.109704
0 0.853854 0.290111 0.089042 0.091148
0 0.867740 0.369324 0.091042 0.101019
0 0.738635 0.322509 0.079042 0.090352
2 0.821854 0.414361 0.358375 0.402056
0 0.705073 0.241907 0.064375 0.077704
0 0.789854 0.616231 0.162812 0.172130
1 0.570073 0.585815 0.117042 0.193444
0 0.769964 0.238361 0.073260 0.076130
0 0.712521 0.186407 0.059708 0.069407
0 0.652078 0.189769 0.059260 0.066648
0 0.811745 0.950111 0.167927 0.103481
