0 0.175521 0.205368 0.068812 0.063080
2 0.193297 0.131296 0.193260 0.096667
0 0.238854 0.244880 0.068812 0.070981
0 0.304964 0.225130 0.069927 0.067037
0 0.311635 0.293269 0.074375 0.080870
0 0.405521 0.278454 0.082146 0.082833
0 0.416630 0.386111 0.093260 0.100630
0 0.517740 0.362407 0.097708 0.096667
0 0.971078 0.385120 0.059927 0.086796
1 0.405521 0.196479 0.084375 0.080857
0 0.972188 0.473028 0.057708 0.104574
0 0.635521 0.478954 0.104375 0.116426
0 0.517188 0.537222 0.114375 0.142111
0 0.878297 0.315000 0.085490 0.108519
0 0.803854 0.259694 0.054375 0.076907
2 0.696630 0.232040 0.173260 0.219143
0 0.663297 0.379194 0.102156 0.086796
0 0.824411 0.755500 0.162156 0.191481
