0 0.219521 0.225519 0.067042 0.063889
0 0.230188 0.194901 0.075938 0.057161
2 0.285521 0.144333 0.184375 0.110889
0 0.276745 0.269963 0.069490 0.075333
0 0.367297 0.259889 0.078156 0.072556
0 0.361411 0.331194 0.081927 0.095093
0 0.472521 0.324676 0.088146 0.093907
0 0.474521 0.443593 0.104604 0.111296
0 0.601745 0.435889 0.111927 0.113259
0 0.901964 0.332380 0.100823 0.102204
1 0.488964 0.232037 0.084594 0.091148
0 0.895411 0.408426 0.120156 0.119185
0 0.709406 0.580481 0.118375 0.148815
0 0.559188 0.613861 0.123708 0.165796
0 0.808635 0.266602 0.073708 0.096278
0 0.749521 0.218405 0.057271 0.067820
2 0.650630 0.188380 0.131490 0.182389
0 0.808964 0.480139 0.133927 0.112463
0 0.910521 0.901519 0.181042 0.200667
