3 0.308297 0.163889 0.138823 0.150000
1 0.147745 0.172781 0.079927 0.076920
0 0.341630 0.260676 0.076594 0.074944
0 0.240521 0.235991 0.067708 0.076907
2 0.511630 0.204386 0.229927 0.203339
0 0.938297 0.412778 0.096594 0.106556
0 0.485521 0.320926 0.095479 0.096667
1 0.353854 0.304130 0.076604 0.114444
0 0.958854 0.350556 0.084375 0.092704
0 0.854406 0.282407 0.097708 0.086778
0 0.758854 0.277472 0.079937 0.088759
0 0.451078 0.410796 0.102156 0.114444
0 0.714964 0.537222 0.143260 0.150000
0 0.761073 0.223151 0.071042 0.082846
0 0.663854 0.210306 0.056604 0.076907
2 0.884964 0.465120 0.232156 0.353463
0 0.636630 0.679444 0.135490 0.181593
0 0.927188 0.871296 0.147708 0.261111
0 0.708297 0.180679 0.052156 0.069013
