1 0.191187 0.201222 0.064146 0.075333
0 0.260854 0.250602 0.067937 0.072167
0 0.329297 0.231843 0.073260 0.070204
2 0.401630 0.168231 0.180594 0.139722
0 0.328411 0.312037 0.078594 0.092333
0 0.452188 0.313222 0.087479 0.086778
0 0.916521 0.346407 0.107271 0.112074
0 0.420187 0.390259 0.092812 0.105741
0 0.572635 0.401120 0.105708 0.110093
0 0.524297 0.498509 0.109927 0.127093
0 0.693188 0.532880 0.129042 0.137352
0 0.802854 0.261667 0.071479 0.089556
1 0.609078 0.299796 0.100823 0.112074
0 0.760630 0.306704 0.086156 0.092704
0 0.791078 0.725278 0.152823 0.185556
0 0.605740 0.715981 0.145708 0.196222
0 0.741745 0.212284 0.056823 0.079283
0 0.699630 0.180281 0.045927 0.063476
2 0.609078 0.143345 0.092823 0.157902
