0 0.173521 0.246454 0.071479 0.055981
0 0.148745 0.224926 0.076594 0.050852
0 0.261854 0.236380 0.066375 0.054796
0 0.265745 0.283194 0.069260 0.070981
2 0.974297 0.471843 0.053490 0.221500
0 0.235854 0.213472 0.071708 0.047685
0 0.397521 0.296037 0.072375 0.073741
0 0.340521 0.344435 0.075271 0.082833
1 0.868406 0.403102 0.120375 0.151981
2 0.731745 0.273123 0.154594 0.194643
0 0.553187 0.472037 0.101938 0.116037
0 0.853297 0.321324 0.087927 0.085611
0 0.604187 0.644481 0.157271 0.170148
0 0.639740 0.215843 0.047042 0.066648
